R			HF		SAPT0		SAPT2		SAPT2+	SAPT2+(3)	SAPT2+3	SAPT2+(CCD)	SAPT2+(3)(CCD)	SAPT2+3(CCD)
2.5	93.9293939	10.2822345	34.4939865	23.5140485	34.5465083	33.7235320	25.5064955	36.5389555	35.7159792
2.6	60.7085621	-7.0217587	9.9461731	0.9440712	8.5663737	8.0521060	2.5260848	10.1483873	9.6341196
2.7	38.8535620	-16.1838299	-4.3574596	-11.7070677	-6.4756787	-6.7943767	-10.4408285	-5.2094398	-5.5281378
2.8	24.6434215	-20.2506929	-12.0236285	-18.0078810	-14.4390989	-14.6345015	-16.9864339	-13.4176519	-13.6130545
2.9	15.5211379	-21.2475262	-15.5145900	-20.3802344	-17.9593318	-18.0775125	-19.5500394	-17.1291368	-17.2473175
3.0	9.7308757	-20.5107057	-16.4950064	-20.4499571	-18.8166718	-18.8868987	-19.7703663	-18.1370810	-18.2073079
3.1	6.0789463	-18.9031755	-16.0668073	-19.2836741	-18.1880036	-18.2287692	-18.7236077	-17.6279369	-17.6687029
3.2	3.7705353	-16.9590263	-14.9336373	-17.5541018	-16.8238390	-16.8467439	-17.0896176	-16.3593548	-16.3822598
3.3	2.2925957	-14.9857917	-13.5208174	-15.6601751	-15.1774394	-15.1896933	-15.2726869	-14.7899510	-14.8022049
3.4	1.3262920	-13.1402676	-12.0656285	-13.8170986	-13.5016028	-13.5076378	-13.4920644	-13.1765689	-13.1826039
3.5	0.6809778	-11.4852491	-10.6852225	-12.1238274	-11.9210946	-11.9236002	-11.8497833	-11.6470505	-11.6495561
3.6	0.2457448	-10.0306496	-9.4260338	-10.6119651	-10.4851210	-10.4857036	-10.3798047	-10.2529607	-10.2535433
3.7	-0.0441461	-8.7612950	-8.2974587	-9.2789246	-9.2030385	-9.2026394	-9.0813636	-9.0054775	-9.0050786
3.8	-0.2287115	-7.6538346	-7.2927374	-8.1083245	-8.0665395	-8.0656968	-7.9394968	-7.8977118	-7.8968691
3.9	-0.3355598	-6.6854968	-6.4003396	-7.0809440	-7.0618506	-7.0608609	-6.9360958	-6.9170024	-6.9160127
4.0	-0.3859869	-5.8374065	-5.6090555	-6.1794448	-6.1753073	-6.1743255	-6.0547012	-6.0505640	-6.0495822
4.1	-0.3974326	-5.0948645	-4.9094784	-5.3895433	-5.3951080	-5.3942081	-5.2817293	-5.2872940	-5.2863939
4.2	-0.3840530	-4.4462226	-4.2936706	-4.6994258	-4.7111193	-4.7103296	-4.6059252	-4.6176188	-4.6168291
4.3	-0.3567501	-3.8815885	-3.7543809	-4.0987556	-4.1141486	-4.1134740	-4.0174044	-4.0327974	-4.0321228
4.4	-0.3232211	-3.3918356	-3.2843886	-3.5778568	-3.5953012	-3.5947344	-3.5068554	-3.5242999	-3.5237330
4.5	-0.2883211	-2.9681549	-2.8762759	-3.1273511	-3.1457360	-3.1452647	-3.0651984	-3.0835832	-3.0831119
4.6	-0.2546307	-2.6019850	-2.5225049	-2.7381331	-2.7567183	-2.7563289	-2.6835705	-2.7021556	-2.7017665
4.7	-0.2231914	-2.2852454	-2.2157532	-2.4016237	-2.4199247	-2.4196044	-2.3535931	-2.3718938	-2.3715738
4.8	-0.1941452	-2.0105814	-1.9492314	-2.1100211	-2.1277314	-2.1274683	-2.0676290	-2.0853390	-2.0850762
4.9	-0.1672706	-1.7715856	-1.7169541	-1.8565244	-1.8734594	-1.8732436	-1.8190140	-1.8359493	-1.8357335
5.0	-0.1423118	-1.5628791	-1.5138599	-1.6354097	-1.6514696	-1.6512925	-1.6021386	-1.6181985	-1.6180213
5.1	-0.1191307	-1.3800656	-1.3357915	-1.4419824	-1.4571239	-1.4569783	-1.4124022	-1.4275437	-1.4273982
5.2	-0.0977458	-1.2196103	-1.1793954	-1.2724496	-1.2866673	-1.2865476	-1.2460919	-1.2603096	-1.2601898
5.3	-0.0782793	-1.0786607	-1.0419566	-1.1237372	-1.1370503	-1.1369516	-1.1001996	-1.1135128	-1.1134140
5.4	-0.0608833	-0.9548700	-0.9212335	-0.9933072	-1.0057507	-1.0056691	-0.9722442	-0.9846877	-0.9846061
5.5	-0.0456784	-0.8462525	-0.8153210	-0.8790104	-0.8906277	-0.8905602	-0.8601229	-0.8717406	-0.8716728
5.6	-0.0327065	-0.7510694	-0.7225429	-0.7789685	-0.7898076	-0.7897515	-0.7620000	-0.7728391	-0.7727831
5.7	-0.0219139	-0.6677563	-0.6413833	-0.6914974	-0.7016081	-0.7015613	-0.6762242	-0.6863349	-0.6862881
5.8	-0.0131782	-0.5949059	-0.5704734	-0.6150881	-0.6245190	-0.6244798	-0.6013159	-0.6107468	-0.6107076
5.9	-0.0062978	-0.5312207	-0.5085451	-0.5483549	-0.5571537	-0.5571213	-0.5359146	-0.5447134	-0.5446808
6.0	-0.0010340	-0.4755236	-0.4544470	-0.4900474	-0.4982595	-0.4982323	-0.4787908	-0.4870032	-0.4869757
6.1	0.0028621	-0.4267613	-0.4071443	-0.4390480	-0.4467162	-0.4466933	-0.4288462	-0.4365144	-0.4364915
6.2	0.0056377	-0.3839947	-0.3657144	-0.3943636	-0.4015279	-0.4015085	-0.3851031	-0.3922673	-0.3922480
6.3	0.0075180	-0.3464022	-0.3293488	-0.3551264	-0.3618237	-0.3618074	-0.3467072	-0.3534048	-0.3533885
6.4	0.0087104	-0.3132606	-0.2973362	-0.3205740	-0.3268388	-0.3268250	-0.3129085	-0.3191734	-0.3191595
6.5	0.0093811	-0.2839572	-0.2690728	-0.2900594	-0.2959237	-0.2959120	-0.2830701	-0.2889344	-0.2889227
6.6	0.0096728	-0.2579611	-0.2440370	-0.2630240	-0.2685172	-0.2685071	-0.2566424	-0.2621356	-0.2621255
6.7	0.0096886	-0.2348322	-0.2217952	-0.2390026	-0.2441516	-0.2441431	-0.2331677	-0.2383169	-0.2383085
6.8	0.0095273	-0.2141768	-0.2019606	-0.2175807	-0.2224107	-0.2224034	-0.2122388	-0.2170691	-0.2170618
6.9	0.0092391	-0.1956872	-0.1842312	-0.1984331	-0.2029671	-0.2029611	-0.1935364	-0.1980707	-0.1980644
7.0	0.0088774	-0.1790856	-0.1683335	-0.1812660	-0.1855257	-0.1855202	-0.1767721	-0.1810315	-0.1810263
7.1	0.0084774	-0.1641386	-0.1540399	-0.1658342	-0.1698386	-0.1698340	-0.1617046	-0.1657087	-0.1657044
7.2	0.0080592	-0.1506524	-0.1411605	-0.1519319	-0.1556993	-0.1556952	-0.1481329	-0.1519000	-0.1518959
7.3	0.0076372	-0.1384598	-0.1295312	-0.1393828	-0.1429295	-0.1429260	-0.1358837	-0.1394304	-0.1394269
7.4	0.0072254	-0.1274114	-0.1190069	-0.1280291	-0.1313706	-0.1313677	-0.1248026	-0.1281442	-0.1281412
7.5	0.0068284	-0.1173840	-0.1094668	-0.1177405	-0.1208913	-0.1208885	-0.1147622	-0.1179130	-0.1179105
7.6	0.0064516	-0.1082663	-0.1008030	-0.1083999	-0.1113727	-0.1113705	-0.1056480	-0.1086208	-0.1086187
7.7	0.0060929	-0.0999662	-0.0929258	-0.0999099	-0.1027170	-0.1027151	-0.0973646	-0.1001717	-0.1001698
7.8	0.0057560	-0.0923979	-0.0857516	-0.0921800	-0.0948325	-0.0948309	-0.0898235	-0.0924758	-0.0924741
7.9	0.0054396	-0.0854881	-0.0792097	-0.0851339	-0.0876419	-0.0876406	-0.0829496	-0.0854579	-0.0854563
8.0	0.0051394	-0.0791754	-0.0732403	-0.0787057	-0.0810791	-0.0810780	-0.0766795	-0.0790529	-0.0790516
8.1	0.0048594	-0.0733968	-0.0677825	-0.0728305	-0.0750779	-0.0750768	-0.0709491	-0.0731965	-0.0731954
8.2	0.0045971	-0.0681025	-0.0627884	-0.0674557	-0.0695853	-0.0695842	-0.0657071	-0.0678367	-0.0678358
8.3	0.0043489	-0.0632491	-0.0582155	-0.0625356	-0.0645547	-0.0645539	-0.0609092	-0.0629285	-0.0629277
8.4	0.0041176	-0.0587919	-0.0540209	-0.0580234	-0.0599394	-0.0599385	-0.0565094	-0.0584253	-0.0584248
8.5	0.0039027	-0.0546930	-0.0501686	-0.0538805	-0.0556996	-0.0556990	-0.0524698	-0.0542889	-0.0542884
8.6	0.0036961	-0.0509272	-0.0466333	-0.0500793	-0.0518078	-0.0518072	-0.0487639	-0.0504924	-0.0504918
8.7	0.0035062	-0.0474556	-0.0433780	-0.0465799	-0.0482235	-0.0482230	-0.0453524	-0.0469957	-0.0469952
8.8	0.0033260	-0.0442574	-0.0403831	-0.0433611	-0.0449244	-0.0449241	-0.0422144	-0.0437777	-0.0437774
8.9	0.0031533	-0.0413102	-0.0376266	-0.0403989	-0.0418873	-0.0418868	-0.0393270	-0.0408155	-0.0408149
9.0	0.0029919	-0.0385877	-0.0350831	-0.0376660	-0.0390840	-0.0390835	-0.0366636	-0.0380813	-0.0380810
9.1	0.0028422	-0.0360693	-0.0327334	-0.0351422	-0.0364935	-0.0364932	-0.0342036	-0.0355550	-0.0355547
9.2	0.0027002	-0.0337410	-0.0305638	-0.0328115	-0.0341005	-0.0341002	-0.0319323	-0.0332213	-0.0332210
9.3	0.0025688	-0.0315832	-0.0285554	-0.0306547	-0.0318850	-0.0318847	-0.0298308	-0.0310607	-0.0310605
9.4	0.0024414	-0.0295872	-0.0267001	-0.0286626	-0.0298373	-0.0298370	-0.0278895	-0.0290642	-0.0290640
9.5	0.0023217	-0.0277363	-0.0249814	-0.0268177	-0.0279398	-0.0279398	-0.0260916	-0.0272141	-0.0272141
9.6	0.0022090	-0.0260182	-0.0233887	-0.0251074	-0.0261806	-0.0261806	-0.0244258	-0.0254990	-0.0254987
9.7	0.0021037	-0.0244214	-0.0219098	-0.0235202	-0.0245469	-0.0245466	-0.0228796	-0.0239060	-0.0239060
9.8	0.0020044	-0.0229373	-0.0205370	-0.0220469	-0.0230296	-0.0230296	-0.0214442	-0.0224268	-0.0224268
9.9	0.0019075	-0.0215601	-0.0192649	-0.0206815	-0.0216227	-0.0216224	-0.0201144	-0.0210556	-0.0210554
10.0	0.0018223	-0.0202717	-0.0180760	-0.0194061	-0.0203079	-0.0203079	-0.0188719	-0.0197737	-0.0197737
10.1	0.0017366	-0.0190768	-0.0169753	-0.0182248	-0.0190896	-0.0190893	-0.0177214	-0.0185862	-0.0185862
10.2	0.0016558	-0.0179628	-0.0159500	-0.0171247	-0.0179544	-0.0179544	-0.0166504	-0.0174798	-0.0174798
10.3	0.0015772	-0.0169260	-0.0149973	-0.0161026	-0.0168988	-0.0168988	-0.0156550	-0.0164512	-0.0164512
10.4	0.0015045	-0.0159559	-0.0141072	-0.0151475	-0.0159124	-0.0159121	-0.0147252	-0.0154898	-0.0154898
10.5	0.0014373	-0.0150487	-0.0132756	-0.0142555	-0.0149902	-0.0149902	-0.0138566	-0.0145913	-0.0145913
10.6	0.0013709	-0.0142038	-0.0125020	-0.0134256	-0.0141320	-0.0141320	-0.0130487	-0.0137551	-0.0137551
10.7	0.0013127	-0.0134090	-0.0117752	-0.0126460	-0.0133257	-0.0133257	-0.0122898	-0.0129692	-0.0129692
10.8	0.0012504	-0.0126718	-0.0111025	-0.0119243	-0.0125785	-0.0125785	-0.0115874	-0.0122413	-0.0122413
10.9	0.0011976	-0.0119755	-0.0104674	-0.0112435	-0.0118731	-0.0118731	-0.0109243	-0.0115542	-0.0115542
11.0	0.0011432	-0.0113276	-0.0098775	-0.0106105	-0.0112174	-0.0112174	-0.0103085	-0.0109153	-0.0109153
11.1	0.0010920	-0.0107194	-0.0093245	-0.0100173	-0.0106024	-0.0106024	-0.0097313	-0.0103161	-0.0103161
11.2	0.0010466	-0.0101460	-0.0088037	-0.0094590	-0.0100230	-0.0100230	-0.0091879	-0.0097517	-0.0097517
11.3	0.0010025	-0.0096089	-0.0083163	-0.0089365	-0.0094807	-0.0094807	-0.0086793	-0.0092236	-0.0092236
11.4	0.0009565	-0.0091085	-0.0078636	-0.0084505	-0.0089757	-0.0089757	-0.0082067	-0.0087319	-0.0087319
11.5	0.0009187	-0.0086323	-0.0074325	-0.0079887	-0.0084959	-0.0084959	-0.0077572	-0.0082644	-0.0082644
11.6	0.0008778	-0.0081895	-0.0070331	-0.0075599	-0.0080499	-0.0080499	-0.0073400	-0.0078301	-0.0078301
11.7	0.0008397	-0.0077724	-0.0066567	-0.0071563	-0.0076301	-0.0076301	-0.0069473	-0.0074214	-0.0074214
11.8	0.0008049	-0.0073786	-0.0063019	-0.0067759	-0.0072342	-0.0072342	-0.0065775	-0.0070358	-0.0070358
11.9	0.0007720	-0.0070075	-0.0059683	-0.0064178	-0.0068614	-0.0068614	-0.0062292	-0.0066728	-0.0066728
12.0	0.0007418	-0.0066567	-0.0056529	-0.0060798	-0.0065092	-0.0065090	-0.0059005	-0.0063296	-0.0063296
12.1	0.0007105	-0.0063286	-0.0053587	-0.0057645	-0.0061800	-0.0061800	-0.0055936	-0.0060094	-0.0060094
12.2	0.0006811	-0.0060186	-0.0050812	-0.0054668	-0.0058695	-0.0058695	-0.0053040	-0.0057068	-0.0057068
12.3	0.0006544	-0.0057250	-0.0048186	-0.0051851	-0.0055753	-0.0055753	-0.0050303	-0.0054205	-0.0054205
12.4	0.0006242	-0.0054526	-0.0045759	-0.0049242	-0.0053030	-0.0053030	-0.0047770	-0.0051555	-0.0051555
