     5.6692   -314.148618      8.046663   1.535100   320.660181   322.195281
     5.8582   -342.014372    -57.886790   1.386978   282.740605   284.127582
     6.0471   -346.426832    -97.459207   1.263342   247.704282   248.967625
     6.2361   -336.052579   -118.702780   1.156195   216.193605   217.349799
     6.4251   -317.119476   -127.497302   1.058941   188.563232   189.622173
     6.6140   -293.912372   -128.087119   0.967914   164.857339   165.825253
     6.8030   -269.248376   -123.498909   0.882516   144.866951   145.749467
     6.9920   -244.879066   -115.855182   0.804162   128.219722   129.023884
     7.1810   -221.804511   -106.615673   0.734704   114.454134   115.188838
     7.3699   -200.509100    -96.759632   0.675131   103.074337   103.749468
     7.5589   -181.141663    -86.925669   0.624987    93.591007    94.215994
     7.7479   -163.634708    -77.499360   0.582490    85.552857    86.135347
     7.9368   -147.826742    -68.711258   0.545137    78.570346    79.115484
     8.1258   -133.513135    -60.671986   0.510376    72.330772    72.841149
     8.3148   -120.498120    -53.418359   0.476151    66.603610    67.079761
     8.5038   -108.616968    -46.939395   0.441191    61.236382    61.677573
     8.6927    -97.744000    -41.195517   0.405042    56.143441    56.548483
     8.8817    -87.789540    -36.131436   0.367927    51.290177    51.658104
     9.0707    -78.691361    -31.684729   0.330530    46.676102    47.006632
     9.2597    -70.404439    -27.791439   0.293758    42.319242    42.613000
     9.4486    -62.891443    -24.389427   0.258553    38.243463    38.502016
     9.6376    -56.115934    -21.420464   0.225750    34.469720    34.695470
     9.8266    -50.038102    -18.831168   0.195994    31.010940    31.206934
    10.0155    -44.613101    -16.573451   0.169703    27.869946    28.039650
    10.2045    -39.791300    -14.604504   0.147066    25.039730    25.186795
    10.3935    -35.519712    -12.886561   0.128056    22.505095    22.633151
    10.5825    -31.743883    -11.386520   0.112472    20.244891    20.357363
    10.7714    -28.409891    -10.075505   0.099974    18.234413    18.334387
    10.9604    -25.466087     -8.928435   0.090132    16.447520    16.537652
    11.1494    -22.864338     -7.923567   0.082469    14.858302    14.940771
    11.3384    -20.560853     -7.042086   0.076508    13.442259    13.518767
    11.5273    -18.516578     -6.267737   0.071804    12.177036    12.248840
    11.7163    -16.697249     -5.586511   0.067970    11.042768    11.110737
    11.9053    -15.073139     -4.986282   0.064694    10.022163    10.086857
    12.0942    -13.618786     -4.456602   0.061743     9.100442     9.162185
    12.2832    -12.312524     -3.988454   0.058960     8.265110     8.324070
    12.4722    -11.136086     -3.573986   0.056251     7.505849     7.562100
    12.6612    -10.073923     -3.206549   0.053571     6.813802     6.867373
    12.8501     -9.113128     -2.880335   0.050911     6.181881     6.232793
    13.0391     -8.242747     -2.590254   0.048281     5.604212     5.652493
    13.2281     -7.453534     -2.331928   0.045700     5.075906     5.121606
    13.4171     -6.737587     -2.101556   0.043187     4.592843     4.636030
    13.6060     -6.088048     -1.895819   0.040756     4.151474     4.192229
    13.7950     -5.498932     -1.711845   0.038414     3.748673     3.787087
    13.9840     -4.964885     -1.547109   0.036163     3.381613     3.417776
    14.1729     -4.481070     -1.399413   0.033997     3.047660     3.081657
    14.3619     -4.043066     -1.266838   0.031907     2.744320     2.776227
    14.5509     -3.646772     -1.147692   0.029886     2.469194     2.499080
    14.7399     -3.288416     -1.040492   0.027923     2.220002     2.247925
    14.9288     -2.964472     -0.943930   0.026012     1.994531     2.020543
    15.1178     -2.671685     -0.856847   0.024150     1.790687     1.814838
    15.3068     -2.407072     -0.778252   0.022337     1.606484     1.628820
    15.4958     -2.167881     -0.707231   0.020573     1.440077     1.460650
    15.6847     -1.951628     -0.642993   0.018865     1.289769     1.308635
    15.8737     -1.756049     -0.584837   0.017218     1.153994     1.171212
    16.0627     -1.579112     -0.532139   0.015639     1.031334     1.046973
    16.2516     -1.418992     -0.484332   0.014134     0.920526     0.934660
    16.4406     -1.274097     -0.440951   0.012710     0.820436     0.833146
    16.6296     -1.142955     -0.401532   0.011373     0.730050     0.741423
    16.8186     -1.024288     -0.365691   0.010126     0.648471     0.658597
    17.0075     -0.916942     -0.333075   0.008971     0.574895     0.583867
    17.1965     -0.819896     -0.303378   0.007910     0.508608     0.516518
    17.3855     -0.732223     -0.276338   0.006941     0.448944     0.455885
    17.5745     -0.653090     -0.251646   0.006063     0.395380     0.401443
    17.7634     -0.581730     -0.229131   0.005272     0.347327     0.352599
    17.9524     -0.517476     -0.208571   0.004564     0.304341     0.308905
    18.1414     -0.459670     -0.189783   0.003935     0.265952     0.269887
    18.3303     -0.407742     -0.172601   0.003378     0.231764     0.235142
    18.5193     -0.361163     -0.156889   0.002888     0.201386     0.204274
    18.7083     -0.319446     -0.142509   0.002460     0.174476     0.176936
    18.8973     -0.282124     -0.129343   0.002087     0.150694     0.152781
    19.0862     -0.248786     -0.117280   0.001765     0.129741     0.131506
    19.2752     -0.219042     -0.106219   0.001487     0.111336     0.112823
    19.4642     -0.192538     -0.096079   0.001248     0.095211     0.096459
    19.6532     -0.168951     -0.086777   0.001044     0.081129     0.082173
    19.8421     -0.147978     -0.078236   0.000871     0.068871     0.069742
    20.0311     -0.129351     -0.070399   0.000724     0.058228     0.058952
    20.2201     -0.112818     -0.063203   0.000600     0.049015     0.049615
    20.4090     -0.098149     -0.056587   0.000496     0.041065     0.041561
    20.5980     -0.085140     -0.050508   0.000408     0.034223     0.034632
    20.7870     -0.073617     -0.044923   0.000336     0.028359     0.028694
    20.9760     -0.063397     -0.039781   0.000275     0.023341     0.023615
    21.1649     -0.054341     -0.035053   0.000225     0.019062     0.019287
    21.3539     -0.046310     -0.030702   0.000183     0.015425     0.015608
    21.5429     -0.039188     -0.026697   0.000149     0.012342     0.012490
    21.7319     -0.032868     -0.023015   0.000121     0.009733     0.009854
    21.9208     -0.027254     -0.019623   0.000098     0.007534     0.007632
    22.1098     -0.022266     -0.016502   0.000079     0.005685     0.005764
    22.2988     -0.017824     -0.013625   0.000063     0.004136     0.004199
    22.4877     -0.013872     -0.010981   0.000051     0.002840     0.002891
    22.6767     -0.010340     -0.008540   0.000041     0.001759     0.001800
    22.8657     -0.007194     -0.006300   0.000033     0.000861     0.000894
    23.0547     -0.004378     -0.004234   0.000026     0.000118     0.000144
    23.2436     -0.001850     -0.002327   0.000021    -0.000497    -0.000477
    23.4326      0.000413     -0.000576   0.000017    -0.001005    -0.000989
    23.6216      0.002448      0.001039   0.000013    -0.001422    -0.001409
    23.8105      0.004274      0.002518   0.000010    -0.001767    -0.001756
    23.9995      0.005923      0.003884   0.000008    -0.002046    -0.002038
    24.1885      0.007411      0.005140   0.000006    -0.002278    -0.002271
    24.3775      0.008753      0.006297   0.000005    -0.002462    -0.002457
 