     5.6692   -207.701299     72.320411   1.671892   278.349819   280.021710
     5.8582   -251.476328     -6.267200   1.521852   243.687277   245.209128
     6.0471   -270.564514    -56.207270   1.394675   212.962570   214.357244
     6.2361   -273.520162    -85.902342   1.281356   186.336464   187.617820
     6.4251   -266.428604   -101.552790   1.175469   163.700345   164.875814
     6.6140   -253.485683   -107.690940   1.074273   144.720470   145.794743
     6.8030   -237.460179   -107.562165   0.978184   128.919830   129.898014
     6.9920   -220.152652   -103.499263   0.889232   115.764158   116.653389
     7.1810   -202.665736    -97.124935   0.809416   104.731385   105.540801
     7.3699   -185.649798    -89.554899   0.739599    95.355299    96.094899
     7.5589   -169.460369    -81.536292   0.679182    87.244895    87.924077
     7.7479   -154.266966    -73.553488   0.626392    80.087087    80.713478
     7.9368   -140.125615    -65.906000   0.578907    73.640709    74.219616
     8.1258   -127.027676    -58.765530   0.534482    67.727664    68.262146
     8.3148   -114.932261    -52.217264   0.491411    62.223585    62.714996
     8.5038   -103.786609    -46.289288   0.448725    57.048596    57.497321
     8.6927    -93.537382    -40.973330   0.406180    52.157873    52.564052
     8.8817    -84.135397    -36.239229   0.364096    47.532071    47.896168
     9.0707    -75.536038    -32.044647   0.323137    43.168254    43.491391
     9.2597    -67.697544    -28.341668   0.284092    39.071785    39.355877
     9.4486    -60.578860    -25.080991   0.247710    35.250159    35.497869
     9.6376    -54.138062    -22.214602   0.214594    31.708866    31.923459
     9.8266    -48.331536    -19.697266   0.185147    28.449123    28.634270
    10.0155    -43.114215    -17.487385   0.159561    25.467269    25.626830
    10.2045    -38.440220    -15.547089   0.137835    22.755296    22.893131
    10.3935    -34.263944    -13.843084   0.119799    20.301061    20.420860
    10.5825    -30.540817    -12.345417   0.105152    18.090248    18.195400
    10.7714    -27.228112    -11.027803   0.093498    16.106811    16.200309
    10.9604    -24.285479     -9.867232   0.084382    14.333865    14.418247
    11.1494    -21.675259     -8.843758   0.077328    12.754173    12.831501
    11.3384    -19.362119     -7.939656   0.071869    11.350593    11.422463
    11.5273    -17.313749     -7.139820   0.067580    10.106348    10.173929
    11.7163    -15.500429     -6.431098   0.064094     9.005237     9.069331
    11.9053    -13.894988     -5.802050   0.061115     8.031823     8.092938
    12.0942    -12.472815     -5.242806   0.058424     7.171585     7.230009
    12.2832    -11.211699     -4.744745   0.055874     6.411079     6.466954
    12.4722    -10.091821     -4.300428   0.053377     5.738016     5.791393
    12.6612     -9.095619     -3.903395   0.050893     5.141331     5.192224
    12.8501     -8.207662     -3.548017   0.048414     4.611232     4.659646
    13.0391     -7.414484     -3.229401   0.045951     4.139131     4.185083
    13.2281     -6.704420     -2.943294   0.043525     3.717600     3.761125
    13.4171     -6.067409     -2.685982   0.041155     3.340272     3.381427
    13.6060     -5.494789     -2.454202   0.038856     3.001730     3.040587
    13.7950     -4.979128     -2.245122   0.036636     2.697370     2.734006
    13.9840     -4.514036     -2.056251   0.034497     2.423288     2.457784
    14.1729     -4.093966     -1.885380   0.032434     2.176152     2.208586
    14.3619     -3.714158     -1.730603   0.030441     1.953114     1.983555
    14.5509     -3.370431     -1.590209   0.028509     1.751713     1.780223
    14.7399     -3.059130     -1.462699   0.026631     1.569800     1.596431
    14.9288     -2.777040     -1.346745   0.024801     1.405494     1.430295
    15.1178     -2.521304     -1.241171   0.023016     1.257118     1.280133
    15.3068     -2.289382     -1.144938   0.021276     1.123167     1.144443
    15.4958     -2.079014     -1.057118   0.019584     1.002312     1.021896
    15.6847     -1.888151     -0.976874   0.017944     0.893333     0.911277
    15.8737     -1.714976     -0.903484   0.016363     0.795130     0.811493
    16.0627     -1.557842     -0.836291   0.014848     0.706703     0.721551
    16.2516     -1.415257     -0.774704   0.013405     0.627148     0.640553
    16.4406     -1.285881     -0.718197   0.012040     0.555643     0.567684
    16.6296     -1.168513     -0.666311   0.010760     0.491443     0.502202
    16.8186     -1.062043     -0.618603   0.009567     0.433874     0.443440
    17.0075     -0.965483     -0.574711   0.008463     0.382309     0.390772
    17.1965     -0.877923     -0.534307   0.007450     0.336166     0.343616
    17.3855     -0.798548     -0.497036   0.006527     0.294985     0.301512
    17.5745     -0.726609     -0.462660   0.005691     0.258259     0.263949
    17.7634     -0.661427     -0.430912   0.004939     0.225576     0.230515
    17.9524     -0.602382     -0.401573   0.004267     0.196542     0.200809
    18.1414     -0.548908     -0.374436   0.003671     0.170801     0.174472
    18.3303     -0.500498     -0.349321   0.003144     0.148033     0.151177
    18.5193     -0.456670     -0.326056   0.002682     0.127931     0.130614
    18.7083     -0.416996     -0.304486   0.002279     0.110231     0.112510
    18.8973     -0.381085     -0.284477   0.001929     0.094679     0.096608
    19.0862     -0.348578     -0.265900   0.001627     0.081051     0.082678
    19.2752     -0.319146     -0.248639   0.001367     0.069141     0.070508
    19.4642     -0.292491     -0.232590   0.001144     0.058757     0.059901
    19.6532     -0.268337     -0.217655   0.000954     0.049728     0.050683
    19.8421     -0.246450     -0.203758   0.000794     0.041899     0.042692
    20.0311     -0.226589     -0.190804   0.000658     0.035128     0.035785
    20.2201     -0.208568     -0.178735   0.000543     0.029289     0.029833
    20.4090     -0.192190     -0.167473   0.000447     0.024269     0.024717
    20.5980     -0.177293     -0.156962   0.000367     0.019964     0.020331
    20.7870     -0.163727     -0.147145   0.000301     0.016281     0.016582
    20.9760     -0.151359     -0.137975   0.000246     0.013139     0.013384
    21.1649     -0.140065     -0.129394   0.000200     0.010471     0.010671
    21.3539     -0.129740     -0.121372   0.000162     0.008206     0.008368
    21.5429     -0.120280     -0.113857   0.000131     0.006292     0.006424
    21.7319     -0.111608     -0.106822   0.000106     0.004680     0.004786
    21.9208     -0.103630     -0.100224   0.000086     0.003320     0.003405
    22.1098     -0.096294     -0.094042   0.000069     0.002183     0.002252
    22.2988     -0.089531     -0.088244   0.000055     0.001232     0.001287
    22.4877     -0.083281     -0.082796   0.000044     0.000440     0.000484
    22.6767     -0.077502     -0.077688   0.000035    -0.000221    -0.000186
    22.8657     -0.072143     -0.072882   0.000028    -0.000767    -0.000739
    23.0547     -0.067169     -0.068370   0.000022    -0.001223    -0.001201
    23.2436     -0.062544     -0.064119   0.000018    -0.001593    -0.001575
    23.4326     -0.058235     -0.060119   0.000014    -0.001898    -0.001884
    23.6216     -0.054222     -0.056362   0.000011    -0.002151    -0.002140
    23.8105     -0.050468     -0.052819   0.000009    -0.002359    -0.002350
    23.9995     -0.046960     -0.049477   0.000007    -0.002524    -0.002517
    24.1885     -0.043677     -0.046336   0.000005    -0.002664    -0.002659
    24.3775     -0.040597     -0.043368   0.000004    -0.002775    -0.002771