     5.6692   33069.142154   1836.372421   2.552169   -31235.321902   -31232.769733
     5.8582   32583.773977   1291.816980   2.307681   -31294.264678   -31291.956997
     6.0471   32231.165703    888.271467   2.079115   -31344.973351   -31342.894236
     6.2361   31977.753527    592.553250   1.866133   -31387.066410   -31385.200278
     6.4251   31798.230708    378.533242   1.669310   -31421.366776   -31419.697466
     6.6140   31674.075407    225.841527   1.489725   -31449.723604   -31448.233880
     6.8030   31591.668102    118.747827   1.328659   -31474.248934   -31472.920275
     6.9920   31540.603305     45.215009   1.187011   -31496.575308   -31495.388296
     7.1810   31512.598291     -3.885167   1.064659   -31517.548118   -31516.483459
     7.3699   31500.979062    -35.412452   0.960105   -31537.351619   -31536.391515
     7.5589   31500.484398    -54.474571   0.870699   -31555.829667   -31554.958969
     7.7479   31507.138259    -64.839081   0.793323   -31572.770663   -31571.977340
     7.9368   31518.075204    -69.257714   0.725174   -31588.058093   -31587.332919
     8.1258   31531.308824    -69.719235   0.664228   -31601.692286   -31601.028059
     8.3148   31545.495404    -67.644263   0.609275   -31613.748942   -31613.139667
     8.5038   31559.738195    -64.034134   0.559636   -31624.331965   -31623.772328
     8.6927   31573.455364    -59.583259   0.514800   -31633.553423   -31633.038623
     8.8817   31586.297840    -54.763501   0.474226   -31641.535567   -31641.061341
     9.0707   31598.094446    -49.886835   0.437261   -31648.418542   -31647.981280
     9.2597   31608.806942    -45.151849   0.403191   -31654.361982   -31653.958791
     9.4486   31618.485880    -40.677636   0.371329   -31659.534846   -31659.163516
     9.6376   31627.232147    -36.528716   0.341100   -31664.101963   -31663.760863
     9.8266   31635.163155    -32.732734   0.312106   -31668.207995   -31667.895889
    10.0155   31642.391811    -29.293306   0.284163   -31671.969280   -31671.685117
    10.2045   31649.012952    -26.198942   0.257279   -31675.469173   -31675.211894
    10.3935   31655.099006    -23.429229   0.231633   -31678.759868   -31678.528235
    10.5825   31660.700634    -20.959065   0.207496   -31681.867195   -31681.659699
    10.7714   31665.850079    -18.761483   0.185164   -31684.796727   -31684.611563
    10.9604   31670.567279    -16.809486   0.164894   -31687.541658   -31687.376764
    11.1494   31674.865415    -15.077150   0.146860   -31690.089425   -31689.942565
    11.3384   31678.756472    -13.540224   0.131134   -31692.427831   -31692.296697
    11.5273   31682.255786    -12.176552   0.117692   -31694.550030   -31694.432338
    11.7163   31685.384735    -10.966017   0.106416   -31696.457168   -31696.350752
    11.9053   31688.171052     -9.890700   0.097118   -31698.158871   -31698.061752
    12.0942   31690.647675     -8.934583   0.089560   -31699.671819   -31699.582258
    12.2832   31692.850406     -8.083503   0.083471   -31701.017380   -31700.933909
    12.4722   31694.815158     -7.325031   0.078569   -31702.218759   -31702.140189
    12.6612   31696.574817     -6.648191   0.074581   -31703.297589   -31703.223008
    12.8501   31698.158330     -6.043304   0.071261   -31704.272895   -31704.201634
    13.0391   31699.589556     -5.501972   0.068397   -31705.159925   -31705.091528
    13.2281   31700.886911     -5.016732   0.065823   -31705.969466   -31705.903643
    13.4171   31702.065078     -4.581126   0.063422   -31706.709626   -31706.646204
    13.6060   31703.134871     -4.189469   0.061110   -31707.385451   -31707.324340
    13.7950   31704.106017     -3.836759   0.058852   -31708.001628   -31707.942777
    13.9840   31704.986518     -3.518631   0.056624   -31708.561774   -31708.505150
    14.1729   31705.784114     -3.231255   0.054425   -31709.069794   -31709.015369
    14.3619   31706.505710     -2.971275   0.052259   -31709.529244   -31709.476985
    14.5509   31707.159087     -2.735731   0.050132   -31709.944949   -31709.894818
    14.7399   31707.750623     -2.522007   0.048045   -31710.320675   -31710.272630
    14.9288   31708.286556     -2.327799   0.045996   -31710.660350   -31710.614354
    15.1178   31708.772746     -2.151085   0.043979   -31710.967809   -31710.923830
    15.3068   31709.214443     -1.990060   0.041988   -31711.246490   -31711.204502
    15.4958   31709.615661     -1.843150   0.040013   -31711.498824   -31711.458811
    15.6847   31709.980654     -1.708933   0.038046   -31711.727632   -31711.689587
    15.8737   31710.312369     -1.586159   0.036083   -31711.934611   -31711.898527
    16.0627   31710.614117     -1.473707   0.034123   -31712.121947   -31712.087824
    16.2516   31710.888605     -1.370589   0.032169   -31712.291363   -31712.259194
    16.4406   31711.137881     -1.275913   0.030223   -31712.444017   -31712.413794
    16.6296   31711.364868     -1.188892   0.028294   -31712.582055   -31712.553760
    16.8186   31711.571761     -1.108819   0.026392   -31712.706973   -31712.680580
    17.0075   31711.760397     -1.035071   0.024525   -31712.819993   -31712.795468
    17.1965   31711.932841     -0.967055   0.022704   -31712.922599   -31712.899895
    17.3855   31712.090429     -0.904272   0.020938   -31713.015639   -31712.994701
    17.5745   31712.235161     -0.846270   0.019233   -31713.100664   -31713.081431
    17.7634   31712.368245     -0.792611   0.017599   -31713.178456   -31713.160856
    17.9524   31712.491105     -0.742946   0.016042   -31713.250093   -31713.234051
    18.1414   31712.604269     -0.696933   0.014567   -31713.315769   -31713.301202
    18.3303   31712.709054     -0.654240   0.013175   -31713.376468   -31713.363293
    18.5193   31712.805644     -0.614631   0.011871   -31713.432146   -31713.420275
    18.7083   31712.895131     -0.577823   0.010655   -31713.483609   -31713.472954
    18.8973   31712.977830     -0.543603   0.009526   -31713.530959   -31713.521433
    19.0862   31713.054080     -0.511756   0.008485   -31713.574320   -31713.565836
    19.2752   31713.124115     -0.482101   0.007529   -31713.613745   -31713.606215
    19.4642   31713.188964     -0.454457   0.006656   -31713.650077   -31713.643421
    19.6532   31713.248720     -0.428672   0.005861   -31713.683253   -31713.677392
    19.8421   31713.303777     -0.404604   0.005144   -31713.713525   -31713.708381
    20.0311   31713.353950     -0.382120   0.004497   -31713.740567   -31713.736070
    20.2201   31713.400120     -0.361111   0.003919   -31713.765151   -31713.761232
    20.4090   31713.442848     -0.341082   0.003401   -31713.787331   -31713.783930
    20.5980   31713.481755     -0.322911   0.002944   -31713.807609   -31713.804665
    20.7870   31713.517200     -0.305786   0.002538   -31713.825524   -31713.822986
    20.9760   31713.550013     -0.289661   0.002181   -31713.841855   -31713.839674
    21.1649   31713.579618     -0.274531   0.001869   -31713.856017   -31713.854148
    21.3539   31713.607156     -0.260305   0.001597   -31713.869058   -31713.867460
    21.5429   31713.632239     -0.246960   0.001360   -31713.880559   -31713.879199
    21.7319   31713.655456     -0.234405   0.001155   -31713.891016   -31713.889861
    21.9208   31713.676673     -0.222612   0.000978   -31713.900263   -31713.899285
    22.1098   31713.696565     -0.211510   0.000824   -31713.908899   -31713.908075
    22.2988   31713.714435     -0.201065   0.000694   -31713.916195   -31713.915500
    22.4877   31713.731100     -0.191226   0.000583   -31713.922909   -31713.922326
    22.6767   31713.746430     -0.181961   0.000488   -31713.928878   -31713.928390
    22.8657   31713.760837     -0.173225   0.000407   -31713.934470   -31713.934062
    23.0547   31713.773859     -0.164965   0.000339   -31713.939163   -31713.938824
    23.2436   31713.785910     -0.157193   0.000282   -31713.943386   -31713.943103
    23.4326   31713.797152     -0.149857   0.000232   -31713.947240   -31713.947008
    23.6216   31713.807508     -0.142919   0.000191   -31713.950619   -31713.950427
    23.8105   31713.817090     -0.136359   0.000158   -31713.953607   -31713.953449
    23.9995   31713.826213     -0.130140   0.000128   -31713.956481   -31713.956353
    24.1885   31713.834164     -0.124282   0.000105   -31713.958552   -31713.958446
    24.3775   31713.841814     -0.118716   0.000085   -31713.960615   -31713.960530
 