     5.6692   4007.264131   4583.662969   3.185657   573.213180   576.398837
     5.8582   2811.942659   3320.724091   2.896774   505.884657   508.781431
     6.0471   1921.584062   2370.622293   2.626319   446.411912   449.038231
     6.2361   1266.830412   1662.824534   2.371395   393.622727   395.994121
     6.4251    791.213546   1140.888406   2.132404   347.542457   349.674861
     6.6140    449.903186    760.213567   1.911753   308.398628   310.310381
     6.8030    208.400792    485.925346   1.711856   275.812698   277.524554
     6.9920     40.893085    291.035505   1.533881   248.608538   250.142420
     7.1810    -71.726168    154.853458   1.377506   225.202121   226.579627
     7.3699   -143.772940     61.649125   1.241179   204.180887   205.422065
     7.5589   -186.216811     -0.422613   1.122487   184.671711   185.794198
     7.7479   -207.589924    -40.211532   1.018544   166.359848   167.378392
     7.9368   -214.480031    -64.269969   0.926439   149.283623   150.210062
     8.1258   -211.843381    -77.404793   0.843737   133.594851   134.438588
     8.3148   -203.280725    -83.107828   0.768807   119.404089   120.172896
     8.5038   -191.318108    -83.888475   0.700861   106.728772   107.429633
     8.6927   -177.677081    -81.528658   0.639636    95.508787    96.148423
     8.8817   -163.504566    -77.276254   0.584997    85.643315    86.228312
     9.0707   -149.545780    -71.990826   0.536576    77.018378    77.554954
     9.2597   -136.262208    -66.252272   0.493636    69.516300    70.009936
     9.4486   -123.910545    -60.441257   0.455130    63.014158    63.469288
     9.6376   -112.597237    -54.798505   0.419864    57.378868    57.798731
     9.8266   -102.322891    -49.466844   0.386714    52.469333    52.856047
    10.0155    -93.019799    -44.522955   0.354799    48.142045    48.496844
    10.2045    -84.585067    -39.999102   0.323585    44.262380    44.585965
    10.3935    -76.906703    -35.898756   0.292918    40.715029    41.007948
    10.5825    -69.882301    -32.207553   0.262961    37.411787    37.674748
    10.7714    -63.429221    -28.900658   0.234102    34.294461    34.528563
    10.9604    -57.488305    -25.947901   0.206831    31.333573    31.540404
    11.1494    -52.021239    -23.317098   0.181627    28.522514    28.704141
    11.3384    -47.005190    -20.976130   0.158871    25.870188    26.029060
    11.5273    -42.425614    -18.894309   0.138810    23.392495    23.531305
    11.7163    -38.270046    -17.042991   0.121534    21.105521    21.227054
    11.9053    -34.522917    -15.396045   0.106994    19.019878    19.126872
    12.0942    -31.163596    -13.929870   0.095035    17.138690    17.233725
    12.2832    -28.165056    -12.623353   0.085412    15.456291    15.541704
    12.4722    -25.495986    -11.457803   0.077833    13.960350    14.038183
    12.6612    -23.122162    -10.416626   0.071973    12.633563    12.705536
    12.8501    -21.009293     -9.485252   0.067504    11.456537    11.524041
    13.0391    -19.125001     -8.650866   0.064113    10.410022    10.474135
    13.2281    -17.440094     -7.902194   0.061514     9.476386     9.537899
    13.4171    -15.929698     -7.229369   0.059462     8.640867     8.700329
    13.6060    -14.572689     -6.623726   0.057760     7.891204     7.948963
    13.7950    -13.351480     -6.077681   0.056255     7.217544     7.273799
    13.9840    -12.251212     -5.584574   0.054838     6.611800     6.666638
    14.1729    -11.259138     -5.138568   0.053442     6.067128     6.120570
    14.3619    -10.363787     -4.734520   0.052024     5.577243     5.629267
    14.5509     -9.554637     -4.367907   0.050563     5.136167     5.186730
    14.7399     -8.822099     -4.034757   0.049054     4.738288     4.787342
    14.9288     -8.157074     -3.731563   0.047495     4.378016     4.425511
    15.1178     -7.551388     -3.455235   0.045891     4.050263     4.096154
    15.3068     -6.997665     -3.203028   0.044244     3.750392     3.794636
    15.4958     -6.489677     -2.972532   0.042558     3.474587     3.517146
    15.6847     -6.021827     -2.761582   0.040835     3.219410     3.260245
    15.8737     -5.589609     -2.568268   0.039078     2.982264     3.021342
    16.0627     -5.189212     -2.390895   0.037288     2.761029     2.798316
    16.2516     -4.817767     -2.227949   0.035471     2.554347     2.589818
    16.4406     -4.472653     -2.078078   0.033632     2.360943     2.394575
    16.6296     -4.151975     -1.940067   0.031779     2.180129     2.211908
    16.8186     -3.853808     -1.812833   0.029919     2.011056     2.040974
    17.0075     -3.576686     -1.695409   0.028061     1.853216     1.881277
    17.1965     -3.319279     -1.586918   0.026219     1.706142     1.732361
    17.3855     -3.080189     -1.486587   0.024402     1.569200     1.593602
    17.5745     -2.858230     -1.393698   0.022620     1.441911     1.464531
    17.7634     -2.652193     -1.307623   0.020884     1.323686     1.344570
    17.9524     -2.460975     -1.227777   0.019203     1.213994     1.233198
    18.1414     -2.283488     -1.153643   0.017586     1.112260     1.129845
    18.3303     -2.118780     -1.084758   0.016039     1.017983     1.034022
    18.5193     -1.965681     -1.020680   0.014567     0.930433     0.945000
    18.7083     -1.823673     -0.961029   0.013177     0.849467     0.862644
    18.8973     -1.691691     -0.905450   0.011871     0.774369     0.786240
    19.0862     -1.569167     -0.853631   0.010651     0.704885     0.715536
    19.2752     -1.455388     -0.805271   0.009516     0.640600     0.650117
    19.4642     -1.349739     -0.760103   0.008470     0.581166     0.589637
    19.6532     -1.251651     -0.717887   0.007508     0.526256     0.533764
    19.8421     -1.160606     -0.678401   0.006629     0.475576     0.482205
    20.0311     -1.076220     -0.641440   0.005831     0.428949     0.434780
    20.2201     -0.997965     -0.606816   0.005108     0.386041     0.391149
    20.4090     -0.925490     -0.574354   0.004460     0.346676     0.351136
    20.5980     -0.858399     -0.543920   0.003879     0.310600     0.314479
    20.7870     -0.796299     -0.515347   0.003361     0.277591     0.280952
    20.9760     -0.738935     -0.488511   0.002903     0.247521     0.250423
    21.1649     -0.685851     -0.463288   0.002498     0.220065     0.222563
    21.3539     -0.636941     -0.439568   0.002143     0.195230     0.197373
    21.5429     -0.591834     -0.417247   0.001832     0.172755     0.174587
    21.7319     -0.550163     -0.396236   0.001561     0.152366     0.153928
    21.9208     -0.511819     -0.376440   0.001327     0.134052     0.135379
    22.1098     -0.476469     -0.357774   0.001125     0.117570     0.118695
    22.2988     -0.443888     -0.340174   0.000950     0.102763     0.103713
    22.4877     -0.413851     -0.323562   0.000801     0.089487     0.090288
    22.6767     -0.386295     -0.307879   0.000673     0.077743     0.078415
    22.8657     -0.360919     -0.293059   0.000564     0.067296     0.067860
    23.0547     -0.337482     -0.279047   0.000471     0.057963     0.058434
    23.2436     -0.315971     -0.265804   0.000393     0.049773     0.050166
    23.4326     -0.296047     -0.253272   0.000328     0.042447     0.042775
    23.6216     -0.277825     -0.241410   0.000271     0.036145     0.036416
    23.8105     -0.260992     -0.230171   0.000225     0.030597     0.030821
    23.9995     -0.245385     -0.219528   0.000185     0.025672     0.025857
    24.1885     -0.231048     -0.209426   0.000152     0.021469     0.021622
    24.3775     -0.217740     -0.199859   0.000124     0.017757     0.017881