     5.6692   29089.599800   29738.853576   329.514436   319.739340   649.253776
     5.8582   22296.015351   22869.041549   291.103066   281.923131   649.253776
     6.0471   16839.862953   17346.849483   257.763493   249.223037   649.253776
     6.2361   12537.317343   12985.833162   228.181257   220.334562   649.253776
     6.4251    9195.175013    9591.111572   201.546067   194.390492   649.253776
     6.6140    6633.575192    6982.015220   177.492816   170.947212   649.253776
     6.8030    4694.586682    5000.305919   155.888913   149.830324   649.253776
     6.9920    3244.761830    3512.378253   136.657370   130.959053   649.253776
     7.1810    2174.102938    2408.037028   119.683673   114.250418   649.253776
     7.3699    1393.962724    1598.332927   104.798347    99.571856   649.253776
     7.5589     833.954602    1012.527892    91.811731    86.761559   649.253776
     7.7479     438.904834     595.083389    80.529726    75.648829   649.253776
     7.9368     166.072237     302.912503    70.773852    66.066414   649.253776
     8.1258     -17.295214     102.948988    62.384247    57.859955   649.253776
     8.3148    -136.004262     -29.930445    55.199878    50.873939   649.253776
     8.5038    -208.648084    -114.624838    49.061920    44.961326   649.253776
     8.6927    -249.005475    -165.212415    43.820985    39.972074   649.253776
     8.8817    -267.172071    -192.078880    39.331397    35.761794   649.253776
     9.0707    -270.464328    -202.798465    35.467946    32.197918   649.253776
     9.2597    -264.114635    -202.839497    32.117221    29.157917   649.253776
     9.4486    -251.802829    -196.092169    29.181045    26.529615   649.253776
     9.6376    -236.087890    -185.288644    26.577902    24.221345   649.253776
     9.8266    -218.702693    -172.313738    24.237510    22.151444   649.253776
    10.0155    -200.802299    -158.434816    22.108018    20.259465   649.253776
    10.2045    -183.135724    -144.487875    20.147088    18.500762   649.253776
    10.3935    -166.217993    -131.018289    18.348959    16.850744   649.253776
    10.5825    -150.201818    -118.251208    16.654824    15.295786   649.253776
    10.7714    -135.368819    -106.457864    15.079460    13.831495   649.253776
    10.9604    -121.750232     -95.663194    13.619776    12.467262   649.253776
    11.1494    -109.359788     -85.894560    12.260011    11.205216   649.253776
    11.3384     -98.164145     -77.071547    11.040256    10.052342   649.253776
    11.5273     -88.112451     -69.159031     9.941638     9.011782   649.253776
    11.7163     -79.132672     -62.087903     8.961079     8.083690   649.253776
    11.9053     -71.137896     -55.763354     8.089946     7.284597   649.253776
    12.0942     -64.035422     -50.149422     7.322619     6.563381   649.253776
    12.2832     -57.735745     -45.155739     6.646482     5.933523   649.253776
    12.4722     -52.149332     -40.712986     6.051709     5.384638   649.253776
    12.6612     -47.186712     -36.761045     5.524454     4.901213   649.253776
    12.8501     -42.774774     -33.243823     5.055222     4.475729   649.253776
    13.0391     -38.844028     -30.108889     4.635492     4.099648   649.253776
    13.2281     -35.330602     -27.313475     4.256502     3.760624   649.253776
    13.4171     -32.183438     -24.817020     3.912086     3.454333   649.253776
    13.6060     -29.359766     -22.585539     3.598362     3.175866   649.253776
    13.7950     -26.814931     -20.607012     3.310415     2.897504   649.253776
    13.9840     -24.517482     -18.813178     3.045254     2.659049   649.253776
    14.1729     -22.442900     -17.202137     2.801121     2.439642   649.253776
    14.3619     -20.563507     -15.750771     2.575326     2.237409   649.253776
    14.5509     -18.900855     -14.483997     2.367520     2.049338   649.253776
    14.7399     -17.354539     -13.304389     2.174427     1.875724   649.253776
    14.9288     -15.949207     -12.235960     1.997538     1.715709   649.253776
    15.1178     -14.669457     -11.269245     1.831891     1.568321   649.253776
    15.3068     -13.504272     -10.392593     1.679289     1.432389   649.253776
    15.4958     -12.439432      -9.595238     1.537508     1.306686   649.253776
    15.6847     -11.467583      -8.870790     1.405880     1.190913   649.253776
    15.8737     -10.577750      -8.209094     1.283910     1.084746   649.253776
    16.0627      -9.764534      -7.606476     1.171033     0.987025   649.253776
    16.2516      -9.019237      -7.056967     1.066346     0.895924   649.253776
    16.4406      -8.336251      -6.553047     0.969442     0.813762   649.253776
    16.6296      -7.709392      -6.092004     0.880511     0.736878   649.253776
    16.8186      -7.132965      -5.669157     0.797060     0.666747   649.253776
    17.0075      -6.602608      -5.279749     0.720367     0.602492   649.253776
    17.1965      -6.116254      -4.924402     0.649616     0.542236   649.253776
    17.3855      -5.668310      -4.595598     0.584992     0.487720   649.253776
    17.5745      -5.256994      -4.292707     0.525141     0.439147   649.253776
    17.7634      -4.877626      -4.014410     0.469886     0.393331   649.253776
    17.9524      -4.527372      -3.756452     0.419537     0.351382   649.253776
    18.1414      -4.205358      -3.518279     0.373334     0.313745   649.253776
    18.3303      -3.908283      -3.298632     0.330872     0.278779   649.253776
    18.5193      -3.634043      -3.094498     0.292596     0.246950   649.253776
    18.7083      -3.384050      -2.907047     0.257926     0.219077   649.253776
    18.8973      -3.150246      -2.730982     0.226593     0.192672   649.253776
    19.0862      -2.935257      -2.568086     0.197965     0.169206   649.253776
    19.2752      -2.739320      -2.417025     0.172614     0.149680   649.253776
    19.4642      -2.516146      -2.235934     0.150313     0.129900   649.253776
    19.6532      -2.347624      -2.104679     0.129502     0.113443   649.253776
    19.8421      -2.192824      -1.983174     0.111583     0.098066   649.253776
    20.0311      -2.047998      -1.869139     0.094503     0.084357   649.253776
    20.2201      -1.917834      -1.764514     0.080728     0.072592   649.253776
    20.4090      -1.796547      -1.665703     0.068664     0.062180   649.253776
    20.5980      -1.682371      -1.572053     0.057985     0.052333   649.253776
    20.7870      -1.579722      -1.486864     0.047841     0.045017   649.253776
    20.9760      -1.482924      -1.406009     0.039328     0.037587   649.253776
    21.1649      -1.392280      -1.330159     0.032149     0.029972   649.253776
    21.3539      -1.308676      -1.259024     0.025489     0.024164   649.253776
    21.5429      -1.232435      -1.191644     0.020848     0.019943   649.253776
    21.7319      -1.161611      -1.129880     0.016499     0.015232   649.253776
    21.9208      -1.095417      -1.071938     0.012073     0.011407   649.253776
    22.1098      -1.033058      -1.016762     0.008162     0.008133   649.253776
    22.2988      -0.977939      -0.965956     0.005845     0.006137   649.253776
    22.4877      -0.922905      -0.916070     0.003821     0.003014   649.253776
    22.6767      -0.872593      -0.870721     0.000677     0.001195   649.253776
    22.8657      -0.827392      -0.827803    -0.000127    -0.000283   649.253776
    23.0547      -0.784743      -0.788189    -0.001931    -0.001515   649.253776
    23.2436      -0.742047      -0.749037    -0.003929    -0.003061   649.253776
    23.4326      -0.706623      -0.714208    -0.003920    -0.003665   649.253776
    23.6216      -0.670149      -0.679936    -0.005124    -0.004663   649.253776
    23.8105      -0.636908      -0.648254    -0.005272    -0.006074   649.253776
    23.9995      -0.604994      -0.618156    -0.006790    -0.006372   649.253776
    24.1885      -0.575254      -0.589362    -0.007301    -0.006807   649.253776
    24.3775      -0.547166      -0.561556    -0.007533    -0.006856   649.253776
 