     5.6692     74.012092    350.944359   138.465993   138.466273   276.932266
     5.8582   -241.340145      3.153634   122.246728   122.247051   276.932266
     6.0471   -435.748994   -218.702887   108.522925   108.523182   276.932266
     6.2361   -545.216950   -351.566241    96.825210    96.825500   276.932266
     6.4251   -596.212881   -422.695086    86.758754    86.759041   276.932266
     6.6140   -607.964657   -451.969806    77.997273    77.997578   276.932266
     6.8030   -594.257542   -453.704186    70.276523    70.276832   276.932266
     6.9920   -564.839001   -438.061411    63.388651    63.388939   276.932266
     7.1810   -526.490908   -412.141914    57.174353    57.174641   276.932266
     7.3699   -483.853376   -380.819752    51.516656    51.516967   276.932266
     7.5589   -440.058113   -347.389491    46.334159    46.334463   276.932266
     7.7479   -396.995807   -313.848316    41.573593    41.573898   276.932266
     7.9368   -356.042753   -281.635992    37.203237    37.203523   276.932266
     8.1258   -317.884438   -251.473117    33.205510    33.205811   276.932266
     8.3148   -282.887259   -223.746262    29.570346    29.570651   276.932266
     8.5038   -251.175500   -198.594908    26.290143    26.290449   276.932266
     8.6927   -222.710671   -176.000141    23.355115    23.355414   276.932266
     8.8817   -197.349246   -155.847305    20.750822    20.751119   276.932266
     9.0707   -174.882307   -137.966885    18.457563    18.457859   276.932266
     9.2597   -155.063842   -122.162745    16.450394    16.450703   276.932266
     9.4486   -137.633958   -108.231796    14.700929    14.701232   276.932266
     9.6376   -122.332691    -95.975277    13.178562    13.178851   276.932266
     9.8266   -108.908642    -85.202648    11.852845    11.853150   276.932266
    10.0155    -97.128600    -75.738499    10.694899    10.695203   276.932266
    10.2045    -86.780538    -67.423603     9.678307     9.678628   276.932266
    10.3935    -77.676744    -60.116124     8.780158     8.780462   276.932266
    10.5825    -69.650712    -53.688675     7.980868     7.981169   276.932266
    10.7714    -62.558289    -48.029357     7.264315     7.264617   276.932266
    10.9604    -56.276557    -43.041150     6.617549     6.617859   276.932266
    11.1494    -50.697455    -38.636653     6.030252     6.030550   276.932266
    11.3384    -45.733371    -34.744307     5.494381     5.494683   276.932266
    11.5273    -41.302889    -31.295344     5.003620     5.003926   276.932266
    11.7163    -37.341682    -28.235420     4.552979     4.553283   276.932266
    11.9053    -33.794112    -25.516455     4.138676     4.138980   276.932266
    12.0942    -30.610258    -23.095074     3.757441     3.757742   276.932266
    12.2832    -27.750300    -20.936614     3.406693     3.406993   276.932266
    12.4722    -25.176004    -19.007141     3.084282     3.084581   276.932266
    12.6612    -22.857460    -17.281497     2.787830     2.788132   276.932266
    12.8501    -20.766460    -15.734950     2.515605     2.515905   276.932266
    13.0391    -18.878822    -14.346728     2.265897     2.266198   276.932266
    13.2281    -17.174081    -13.099616     2.037082     2.037383   276.932266
    13.4171    -15.630786    -11.975272     1.827605     1.827909   276.932266
    13.6060    -14.233755    -10.961279     1.636087     1.636390   276.932266
    13.7950    -12.968131    -10.045458     1.461185     1.461488   276.932266
    13.9840    -11.820524     -9.216828     1.301697     1.301999   276.932266
    14.1729    -10.779865     -8.466547     1.156509     1.156809   276.932266
    14.3619     -9.836319     -7.786841     1.024589     1.024889   276.932266
    14.5509     -8.978406     -7.168141     0.904980     0.905284   276.932266
    14.7399     -8.200502     -6.606568     0.796817     0.797118   276.932266
    14.9288     -7.494464     -6.095619     0.699273     0.699572   276.932266
    15.1178     -6.852723     -5.629299     0.611561     0.611864   276.932266
    15.3068     -6.270729     -5.204468     0.532979     0.533282   276.932266
    15.4958     -5.741053     -4.815137     0.462807     0.463109   276.932266
    15.6847     -5.260097     -4.459013     0.400391     0.400693   276.932266
    15.8737     -4.824221     -4.133756     0.345081     0.345383   276.932266
    16.0627     -4.427929     -3.835068     0.296281     0.296581   276.932266
    16.2516     -4.069421     -3.562343     0.253388     0.253690   276.932266
    16.4406     -3.742712     -3.310689     0.215860     0.216163   276.932266
    16.6296     -3.446016     -3.079370     0.183173     0.183473   276.932266
    16.8186     -3.177243     -2.867317     0.154813     0.155114   276.932266
    17.0075     -2.931772     -2.670815     0.130328     0.130629   276.932266
    17.1965     -2.708738     -2.489890     0.109273     0.109576   276.932266
    17.3855     -2.506860     -2.324059     0.091250     0.091551   276.932266
    17.5745     -2.321850     -2.169748     0.075900     0.076202   276.932266
    17.7634     -2.153656     -2.027596     0.062880     0.063180   276.932266
    17.9524     -2.000124     -1.896059     0.051882     0.052183   276.932266
    18.1414     -1.859927     -1.774362     0.042632     0.042933   276.932266
    18.3303     -1.731827     -1.661728     0.034898     0.035200   276.932266
    18.5193     -1.614009     -1.556814     0.028447     0.028749   276.932266
    18.7083     -1.506400     -1.459908     0.023096     0.023397   276.932266
    18.8973     -1.407460     -1.369804     0.018678     0.018979   276.932266
    19.0862     -1.316163     -1.285774     0.015043     0.015345   276.932266
    19.2752     -1.232757     -1.208322     0.012067     0.012368   276.932266
    19.4642     -1.155336     -1.135754     0.009641     0.009942   276.932266
    19.6532     -1.083705     -1.068062     0.007671     0.007972   276.932266
    19.8421     -1.017383     -1.004930     0.006076     0.006377   276.932266
    20.0311     -0.956069     -0.946182     0.004793     0.005095   276.932266
    20.2201     -0.898985     -0.891154     0.003765     0.004066   276.932266
    20.4090     -0.847146     -0.840961     0.002942     0.003243   276.932266
    20.5980     -0.797819     -0.792943     0.002287     0.002589   276.932266
    20.7870     -0.752028     -0.748187     0.001770     0.002071   276.932266
    20.9760     -0.709746     -0.706724     0.001360     0.001662   276.932266
    21.1649     -0.670290     -0.667911     0.001039     0.001340   276.932266
    21.3539     -0.632902     -0.631027     0.000787     0.001088   276.932266
    21.5429     -0.598804     -0.597321     0.000591     0.000892   276.932266
    21.7319     -0.566029     -0.564852     0.000438     0.000740   276.932266
    21.9208     -0.535625     -0.534685     0.000320     0.000621   276.932266
    22.1098     -0.507101     -0.506342     0.000229     0.000530   276.932266
    22.2988     -0.480532     -0.479914     0.000158     0.000460   276.932266
    22.4877     -0.455295     -0.454784     0.000105     0.000406   276.932266
    22.6767     -0.431633     -0.431204     0.000064     0.000365   276.932266
    22.8657     -0.409661     -0.409295     0.000033     0.000334   276.932266
    23.0547     -0.388860     -0.388540     0.000009     0.000310   276.932266
    23.2436     -0.368851     -0.368568    -0.000009     0.000293   276.932266
    23.4326     -0.350698     -0.350441    -0.000022     0.000279   276.932266
    23.6216     -0.332964     -0.332727    -0.000032     0.000269   276.932266
    23.8105     -0.316573     -0.316351    -0.000040     0.000262   276.932266
    23.9995     -0.302137     -0.301927    -0.000046     0.000256   276.932266
    24.1885     -0.287192     -0.286990    -0.000050     0.000252   276.932266
    24.3775     -0.273491     -0.273295    -0.000053     0.000249   276.932266
                                                  
