distancia em bohr //  energia sem correção de ,cp //   energia com correção cp // correção de monomeros // energias em cm^-1 // Borh (a0) =	0,5291772083Å
     2,8346   15719,124290   15988,310958   6,373350   262,813319   269,186669
     3,0236   11074,066786   11295,327237   5,358265   215,902186   269,186669
     3,2125    7725,893432    7912,097309   4,582084   181,621793   269,186669
     3,4015    5327,937176    5488,699746   3,954482   156,808088   269,186669
     3,5905    3623,144966    3764,512670   3,418732   137,948973   269,186669
     3,7795    2421,307815    2546,783636   2,959124   122,516697   269,186669
     3,9684    1581,932309    1693,807761   2,574552   109,300900   269,186669
     4,1574    1001,877792    1101,953895   2,250534    97,825569   269,186669
     4,3464     606,110487     695,791526   1,960837    87,720201   269,186669
     4,5353     340,417909     420,703289   1,688129    78,597251   269,186669
     4,7243     165,764157     237,360995   1,435062    70,161776   269,186669
     4,9133      54,139050     117,626254   1,216306    62,270898   269,186669
     5,1023     -14,408404      41,508496   1,043215    54,873685   269,186669
     5,2912     -53,934174      -5,084529   0,914894    47,934750   269,186669
     5,4802     -74,243180     -31,998055   0,819618    41,425506   269,186669
     5,6692     -82,140853     -46,046005   0,742300    35,352549   269,186669
     5,8582     -82,343191     -51,891866   0,671690    29,779634   269,186669
     6,0471     -78,097066     -52,686541   0,603476    24,807049   269,186669
     6,2361     -71,588744     -50,526694   0,539014    20,523037   269,186669
     6,4251     -64,225818     -46,781474   0,481855    16,962489   269,186669
     6,6140     -56,853447     -42,323721   0,434554    14,095173   269,186669
     6,8030     -49,930035     -37,692005   0,397138    11,840892   269,186669
     6,9920     -43,665511     -33,203174   0,367323    10,095015   269,186669
     7,1810     -38,121146     -29,029612   0,341708     8,749825   269,186669
     7,3699     -33,275325     -25,252059   0,317119     7,706147   269,186669
     7,5589     -29,064236     -21,894584   0,291489     6,878163   269,186669
     7,7479     -25,407492     -18,947689   0,264141     6,195662   269,186669
     7,9368     -22,224433     -16,383571   0,235558     5,605304   269,186669
     8,1258     -19,444383     -14,165694   0,206897     5,071792   269,186669
     8,3148     -17,007547     -12,254872   0,179482     4,573192   269,186669
     8,5038     -14,869603     -10,612491   0,154422     4,102690   269,186669
     8,6927     -12,995347      -9,202606   0,132406     3,660335   269,186669
     8,8817     -11,356124      -7,992787   0,113679     3,249658   269,186669
     9,0707      -9,926742      -6,954371   0,098124     2,874247   269,186669
     9,2597      -8,683736      -6,062402   0,085388     2,535946   269,186669
     9,4486      -7,604800      -5,295354   0,075025     2,234421   269,186669
     9,6376      -6,668954      -4,634795   0,066589     1,967570   269,186669
     9,8266      -5,856974      -4,065009   0,059697     1,732268   269,186669
    10,0155      -5,151751      -3,572643   0,054042     1,525066   269,186669
    10,2045      -4,538408      -3,146372   0,049390     1,342645   269,186669
    10,3935      -4,004185      -2,776585   0,045557     1,182043   269,186669
    10,5825      -3,538232      -2,455162   0,042388     1,040683   269,186669
    10,7714      -3,131279      -2,175208   0,039741     0,916330   269,186669
    10,9604      -2,775374      -1,930882   0,037484     0,807008   269,186669
    11,1494      -2,463656      -1,717220   0,035490     0,710946   269,186669
    11,3384      -2,190192      -1,530005   0,033646     0,626541   269,186669
    11,5273      -1,949848      -1,365644   0,031859     0,552345   269,186669
    11,7163      -1,738191      -1,221066   0,030060     0,487065   269,186669
    11,9053      -1,551469      -1,093694   0,028204     0,429571   269,186669
    12,0942      -1,386318      -0,981212   0,026274     0,378832   269,186669
    12,2832      -1,240010      -0,881719   0,024274     0,334017   269,186669
    12,4722      -1,110182      -0,793576   0,022223     0,294383   269,186669
    12,6612      -0,994804      -0,715351   0,020153     0,259300   269,186669
    12,8501      -0,892138      -0,645816   0,018100     0,228222   269,186669
    13,0391      -0,800694      -0,583911   0,016100     0,200684   269,186669
    13,2281      -0,719172      -0,528710   0,014186     0,176276   269,186669
    13,4171      -0,646449      -0,479418   0,012386     0,154646   269,186669
    13,6060      -0,581538      -0,435337   0,010720     0,135481   269,186669
    13,7950      -0,523572      -0,395862   0,009201     0,118509   269,186669
    13,9840      -0,471788      -0,360465   0,007835     0,103487   269,186669
    14,1729      -0,425511      -0,328685   0,006623     0,090203   269,186669
    14,3619      -0,384142      -0,300114   0,005560     0,078468   269,186669
    14,5509      -0,347151      -0,274399   0,004637     0,068115   269,186669
    14,7399      -0,314065      -0,251227   0,003844     0,058994   269,186669
    14,9288      -0,284466      -0,230321   0,003169     0,050975   269,186669
    15,1178      -0,257978      -0,211441   0,002600     0,043938   269,186669
    15,3068      -0,234271      -0,194371   0,002122     0,037777   269,186669
    15,4958      -0,213046      -0,178923   0,001725     0,032397   269,186669
    15,6847      -0,194037      -0,164908   0,001397     0,027732   269,186669
    15,8737      -0,177007      -0,152220   0,001127     0,023661   269,186669
    16,0627      -0,161762      -0,140717   0,000906     0,020139   269,186669
    16,2516      -0,148084      -0,130260   0,000727     0,017098   269,186669
    16,4406      -0,135808      -0,120744   0,000581     0,014483   269,186669
    16,6296      -0,124789      -0,112084   0,000463     0,012242   269,186669
    16,8186      -0,114892      -0,104195   0,000369     0,010328   269,186669
    17,0075      -0,105996      -0,097004   0,000293     0,008699   269,186669
    17,1965      -0,097994      -0,090444   0,000232     0,007318   269,186669
    17,3855      -0,090789      -0,084456   0,000183     0,006150   269,186669
    17,5745      -0,084296      -0,078984   0,000145     0,005167   269,186669
    17,7634      -0,078438      -0,073982   0,000114     0,004341   269,186669
    17,9524      -0,073147      -0,069405   0,000090     0,003651   269,186669
    18,1414      -0,068363      -0,065216   0,000071     0,003076   269,186669
    18,3303      -0,064032      -0,061378   0,000055     0,002599   269,186669
    18,5193      -0,060106      -0,057860   0,000043     0,002203   269,186669
    18,7083      -0,056544      -0,054633   0,000034     0,001877   269,186669
    18,8973      -0,053307      -0,051672   0,000027     0,001609   269,186669
    19,0862      -0,050363      -0,048953   0,000021     0,001389   269,186669
    19,2752      -0,047681      -0,046455   0,000016     0,001210   269,186669
    19,4642      -0,045236      -0,044159   0,000013     0,001064   269,186669
    19,6532      -0,043003      -0,042048   0,000010     0,000945   269,186669
    19,8421      -0,040963      -0,040106   0,000008     0,000849   269,186669
    20,0311      -0,039096      -0,038318   0,000006     0,000772   269,186669
    20,2201      -0,037386      -0,036671   0,000005     0,000710   269,186669
    20,4090      -0,035818      -0,035154   0,000003     0,000660   269,186669
    20,5980      -0,034380      -0,033757   0,000003     0,000621   269,186669
    20,7870      -0,033059      -0,032468   0,000002     0,000589   269,186669
    20,9760      -0,031845      -0,031279   0,000002     0,000564   269,186669
    21,1649      -0,030728      -0,030183   0,000001     0,000544   269,186669
    21,3539      -0,029700      -0,029171   0,000001     0,000528   269,186669
    21,5429      -0,028753      -0,028237   0,000001     0,000516   269,186669
