     2.8346   45346.007089   45819.278214   12.489199   460.781926   473.271125
     3.0236   37707.169095   38107.608994   10.622125   389.817773   473.271125
     3.2125   29767.407450   30107.170946    9.027147   330.736350   473.271125
     3.4015   22558.348601   22846.715132    7.644473   280.722059   473.271125
     3.5905   16653.905528   16897.164194    6.423177   236.835489   473.271125
     3.7795   12069.534793   12273.063268    5.370099   198.158376   473.271125
     3.9684    8614.937474    8784.590875    4.505867   165.147535   473.271125
     4.1574    6062.166181    6204.248456    3.831453   138.250822   473.271125
     4.3464    4203.536211    4324.049364    3.321686   117.191467   473.271125
     4.5353    2867.405804    2971.215705    2.926867   100.883033   473.271125
     4.7243    1918.517884    2008.971977    2.593435    87.860658   473.271125
     4.9133    1252.921840    1332.139754    2.290655    76.927259   473.271125
     5.1023     792.023799     861.526923    2.014199    67.488925   473.271125
     5.2912     477.255652     538.385019    1.768673    59.360695   473.271125
     5.4802     265.687699     319.666785    1.553436    52.425649   473.271125
     5.6692     126.298571     174.152202    1.362804    46.490827   473.271125
     5.8582      36.873712      79.410316    1.192433    41.344171   473.271125
     6.0471     -18.390930      19.476278    1.041856    36.825352   473.271125
     6.2361     -50.657424     -16.917122    0.912254    32.828047   473.271125
     6.4251     -67.716620     -37.646175    0.803537    29.266909   473.271125
     6.6140     -74.924411     -48.154825    0.713320    26.056267   473.271125
     6.8030     -75.915416     -52.163104    0.637715    23.114597   473.271125
     6.9920     -73.135828     -52.179069    0.572784    20.383975   473.271125
     7.1810     -68.227274     -49.867165    0.515635    17.844473   473.271125
     7.3699     -62.286472     -46.312049    0.464704    15.509719   473.271125
     7.5589     -56.031285     -42.204945    0.419343    13.406996   473.271125
     7.7479     -49.909726     -37.973447    0.379176    11.557103   473.271125
     7.9368     -44.179778     -33.870533    0.343651     9.965594   473.271125
     8.1258     -38.970987     -30.036291    0.311915     8.622782   473.271125
     8.3148     -34.333318     -26.537330    0.282943     7.513046   473.271125
     8.5038     -30.261139     -23.394652    0.255782     6.610704   473.271125
     8.6927     -26.721419     -20.604021    0.229766     5.887632   473.271125
     8.8817     -23.658195     -18.144807    0.204612     5.308776   473.271125
     9.0707     -21.001550     -15.987843    0.180408     4.833299   473.271125
     9.2597     -18.687141     -14.103740    0.157495     4.425906   473.271125
     9.4486     -16.655402     -12.460437    0.136316     4.058648   473.271125
     9.6376     -14.857766     -11.027905    0.117283     3.712578   473.271125
     9.8266     -13.263180      -9.779907    0.100673     3.382601   473.271125
    10.0155     -11.848163      -8.691482    0.086593     3.070088   473.271125
    10.2045     -10.593517      -7.740751    0.074991     2.777775   473.271125
    10.3935      -9.485664      -6.909678    0.065668     2.510318   473.271125
    10.5825      -8.509484      -6.181092    0.058344     2.270048   473.271125
    10.7714      -7.648559      -5.541942    0.052691     2.053926   473.271125
    10.9604      -6.888626      -4.979211    0.048379     1.861035   473.271125
    11.1494      -6.214528      -4.483466    0.045096     1.685967   473.271125
    11.3384      -5.614691      -4.045071    0.042571     1.527050   473.271125
    11.5273      -5.078266      -3.657195    0.040579     1.380492   473.271125
    11.7163      -4.597675      -3.312684    0.038944     1.246047   473.271125
    11.9053      -4.166158      -3.006575    0.037530     1.122053   473.271125
    12.0942      -3.778900      -2.733526    0.036241     1.009133   473.271125
    12.2832      -3.431377      -2.489922    0.035006     0.906449   473.271125
    12.4722      -3.119887      -2.271748    0.033775     0.814364   473.271125
    12.6612      -2.840747      -2.076328    0.032515     0.731903   473.271125
    12.8501      -2.590615      -1.900640    0.031203     0.658772   473.271125
    13.0391      -2.366246      -1.742689    0.029822     0.593736   473.271125
    13.2281      -2.164630      -1.600174    0.028365     0.536091   473.271125
    13.4171      -1.983058      -1.471598    0.026832     0.484628   473.271125
    13.6060      -1.819048      -1.355193    0.025225     0.438631   473.271125
    13.7950      -1.670527      -1.249824    0.023556     0.397148   473.271125
    13.9840      -1.535632      -1.154130    0.021840     0.359663   473.271125
    14.1729      -1.412867      -1.067240    0.020094     0.325533   473.271125
    14.3619      -1.300894      -0.988093    0.018346     0.294455   473.271125
    14.5509      -1.198658      -0.916017    0.016616     0.266026   473.271125
    14.7399      -1.105186      -0.850181    0.014928     0.240077   473.271125
    14.9288      -1.019715      -0.790065    0.013305     0.216345   473.271125
    15.1178      -0.941499      -0.735009    0.011767     0.194724   473.271125
    15.3068      -0.869945      -0.684609    0.010326     0.175010   473.271125
    15.4958      -0.804432      -0.638336    0.008996     0.157100   473.271125
    15.6847      -0.744482      -0.595872    0.007783     0.140827   473.271125
    15.8737      -0.689576      -0.556796    0.006690     0.126090   473.271125
    16.0627      -0.639299      -0.520854    0.005714     0.112731   473.271125
    16.2516      -0.593218      -0.487709    0.004854     0.100656   473.271125
    16.4406      -0.551063      -0.457105    0.004101     0.089857   473.271125
    16.6296      -0.512522      -0.428848    0.003449     0.080225   473.271125
    16.8186      -0.476936      -0.402768    0.002888     0.071280   473.271125
    17.0075      -0.444284      -0.378627    0.002409     0.063248   473.271125
    17.1965      -0.414241      -0.356272    0.002002     0.055966   473.271125
    17.3855      -0.386637      -0.335547    0.001660     0.049430   473.271125
    17.5745      -0.361228      -0.316314    0.001372     0.043542   473.271125
    17.7634      -0.337847      -0.298455    0.001130     0.038262   473.271125
    17.9524      -0.316310      -0.281852    0.000930     0.033528   473.271125
    18.1414      -0.296472      -0.266407    0.000764     0.029301   473.271125
    18.3303      -0.278185      -0.252027    0.000626     0.025533   473.271125
    18.5193      -0.261327      -0.238629    0.000512     0.022186   473.271125
    18.7083      -0.245779      -0.226133    0.000418     0.019228   473.271125
    18.8973      -0.231425      -0.214470    0.000340     0.016615   473.271125
    19.0862      -0.218174      -0.203578    0.000276     0.014320   473.271125
    19.2752      -0.205931      -0.193395    0.000224     0.012312   473.271125
    19.4642      -0.194615      -0.183874    0.000181     0.010560   473.271125
    19.6532      -0.184145      -0.174959    0.000146     0.009041   473.271125
    19.8421      -0.174449      -0.166610    0.000118     0.007722   473.271125
    20.0311      -0.165467      -0.158784    0.000094     0.006588   473.271125
    20.2201      -0.157183      -0.151446    0.000075     0.005662   473.271125
    20.4090      -0.149416      -0.144559    0.000059     0.004797   473.271125
    20.5980      -0.142255      -0.138078    0.000047     0.004130   473.271125
    20.7870      -0.135520      -0.132004    0.000037     0.003479   473.271125
    20.9760      -0.129327      -0.126289    0.000029     0.003010   473.271125
    21.1649      -0.123541      -0.120896    0.000022     0.002623   473.271125
    21.3539      -0.118153      -0.115830    0.000016     0.002308   473.271125
    21.5429      -0.113102      -0.111045    0.000012     0.002045   473.271125
                                                  
