    5.6692   12840.088201   4052.746787   3.293419   -8790.634833   -8787.341414
     5.8582   11766.422597   2903.664185   2.984598   -8865.743010   -8862.758412
     6.0471   10975.288581   2046.177903   2.699464   -8931.810142   -8929.110678
     6.2361   10400.187771   1412.981660   2.431915   -8989.638025   -8987.206111
     6.4251    9987.501162    950.602855   2.180524   -9039.078831   -9036.898307
     6.6140    9695.352433    617.041839   1.947483   -9080.258077   -9078.310594
     6.8030    9492.160858    379.691295   1.736075   -9114.205638   -9112.469564
     6.9920    9354.617045    213.495823   1.548754   -9142.669975   -9141.121222
     7.1810    9265.450557     99.384290   1.386275   -9167.452542   -9166.066268
     7.3699    9211.557984     22.993910   1.247458   -9189.811532   -9188.564074
     7.5589    9182.793753    -26.416210   1.129360   -9210.339323   -9209.209963
     7.7479    9171.324955    -56.775266   1.027828   -9229.128050   -9228.100222
     7.9368    9171.265052    -73.914214   0.938428   -9246.117693   -9245.179266
     8.1258    9178.364948    -82.044416   0.857459   -9261.266823   -9260.409364
     8.3148    9189.678925    -84.198572   0.782655   -9274.660153   -9273.877497
     8.5038    9203.223387    -82.523670   0.713258   -9286.460316   -9285.747058
     8.6927    9217.681476    -78.520967   0.649546   -9296.851989   -9296.202443
     8.8817    9232.184210    -73.222736   0.592105   -9305.999051   -9305.406946
     9.0707    9246.171227    -67.324367   0.541231   -9314.036825   -9313.495594
     9.2597    9259.305634    -61.281752   0.496635   -9321.084021   -9320.587386
     9.4486    9271.418760    -55.382804   0.457455   -9327.259019   -9326.801565
     9.6376    9282.465731    -49.799211   0.422460   -9332.687401   -9332.264941
     9.8266    9292.484200    -44.623666   0.390331   -9337.498197   -9337.107866
    10.0155    9301.559323    -39.896235   0.359915   -9341.815473   -9341.455558
    10.2045    9309.794673    -35.623169   0.330394   -9345.748236   -9345.417841
    10.3935    9317.292471    -31.789736   0.301373   -9349.383580   -9349.082207
    10.5825    9324.142164    -28.369043   0.272820   -9352.784028   -9352.511207
    10.7714    9330.414680    -25.328030   0.244992   -9355.987703   -9355.742711
    10.9604    9336.162560    -22.631231   0.218281   -9359.012072   -9358.793791
    11.1494    9341.422437    -20.243307   0.193108   -9361.858852   -9361.665744
    11.3384    9346.219300    -18.130509   0.169838   -9364.519648   -9364.349810
    11.5273    9350.571649    -16.261418   0.148740   -9366.981808   -9366.833068
    11.7163    9354.496094    -14.607471   0.129975   -9369.233540   -9369.103564
    11.9053    9358.011313    -13.142953   0.113613   -9371.267879   -9371.154266
    12.0942    9361.140126    -11.844966   0.099645   -9373.084736   -9372.985091
    12.2832    9363.910413    -10.693208   0.087987   -9374.691608   -9374.603621
    12.4722    9366.353869     -9.669895   0.078500   -9376.102264   -9376.023764
    12.6612    9368.504965     -8.759382   0.070982   -9377.335329   -9377.264347
    12.8501    9370.398204     -7.948021   0.065190   -9378.411415   -9378.346225
    13.0391    9372.066631     -7.223843   0.060842   -9379.351317   -9379.290474
    13.2281    9373.540612     -6.576419   0.057652   -9380.174683   -9380.117031
    13.4171    9374.846120     -5.996668   0.055334   -9380.898121   -9380.842788
    13.6060    9376.005559     -5.476626   0.053633   -9381.535817   -9381.482185
    13.7950    9377.037793     -5.009347   0.052331   -9382.099471   -9382.047140
    13.9840    9377.958581     -4.588769   0.051258   -9382.598608   -9382.547350
    14.1729    9378.781308     -4.209618   0.050290   -9383.041217   -9382.990927
    14.3619    9379.517467     -3.867255   0.049348   -9383.434069   -9383.384721
    14.5509    9380.177236     -3.557803   0.048377   -9383.783417   -9383.735040
    14.7399    9380.770352     -3.277161   0.047360   -9384.094873   -9384.047513
    14.9288    9381.304732     -3.022640   0.046282   -9384.373655   -9384.327372
    15.1178    9381.787854     -2.791379   0.045147   -9384.624380   -9384.579233
    15.3068    9382.226182     -2.580920   0.043955   -9384.851058   -9384.807102
    15.4958    9382.625202     -2.389123   0.042710   -9385.057035   -9385.014325
    15.6847    9382.989803     -2.214118   0.041413   -9385.245334   -9385.203921
    15.8737    9383.323974     -2.054178   0.040062   -9385.418214   -9385.378152
    16.0627    9383.631127     -1.907832   0.038658   -9385.577617   -9385.538959
    16.2516    9383.914068     -1.773761   0.037200   -9385.725029   -9385.687829
    16.4406    9384.175008     -1.650784   0.035689   -9385.861481   -9385.825792
    16.6296    9384.416158     -1.537839   0.034127   -9385.988124   -9385.953997
    16.8186    9384.639125     -1.433985   0.032519   -9386.105629   -9386.073110
    17.0075    9384.845302     -1.338387   0.030870   -9386.214558   -9386.183689
    17.1965    9385.036302     -1.250296   0.029190   -9386.315788   -9386.286598
    17.3855    9385.213173     -1.169028   0.027486   -9386.409688   -9386.382201
    17.5745    9385.377038     -1.093968   0.025770   -9386.496776   -9386.471006
    17.7634    9385.528985     -1.024583   0.024056   -9386.577624   -9386.553569
    17.9524    9385.669806     -0.960381   0.022355   -9386.652542   -9386.630187
    18.1414    9385.800462     -0.900905   0.020677   -9386.722044   -9386.701367
    18.3303    9385.921599     -0.845782   0.019036   -9386.786417   -9386.767381
    18.5193    9386.034047     -0.794623   0.017442   -9386.846112   -9386.828670
    18.7083    9386.138204     -0.747108   0.015904   -9386.901217   -9386.885313
    18.8973    9386.234834     -0.702930   0.014432   -9386.952196   -9386.937763
    19.0862    9386.324327     -0.661822   0.013035   -9386.999184   -9386.986150
    19.2752    9386.407309     -0.623567   0.011716   -9387.042591   -9387.030875
    19.4642    9386.484013     -0.587905   0.010481   -9387.082399   -9387.071918
    19.6532    9386.555043     -0.554645   0.009331   -9387.119018   -9387.109688
    19.8421    9386.620853     -0.523596   0.008268   -9387.152717   -9387.144449
    20.0311    9386.681582     -0.494598   0.007292   -9387.183471   -9387.176179
    20.2201    9386.737799     -0.467504   0.006403   -9387.211707   -9387.205303
    20.4090    9386.789676     -0.442149   0.005597   -9387.237422   -9387.231825
    20.5980    9386.837687     -0.418407   0.004872   -9387.260966   -9387.256094
    20.7870    9386.882023     -0.396184   0.004223   -9387.282431   -9387.278208
    20.9760    9386.922977     -0.375334   0.003645   -9387.301956   -9387.298311
    21.1649    9386.960786     -0.355790   0.003135   -9387.319711   -9387.316577
    21.3539    9386.995786     -0.337434   0.002684   -9387.335904   -9387.333220
    21.5429    9387.028031     -0.320210   0.002289   -9387.350530   -9387.348241
    21.7319    9387.057765     -0.304012   0.001946   -9387.363722   -9387.361777
    21.9208    9387.085470     -0.288789   0.001647   -9387.375907   -9387.374260
    22.1098    9387.110951     -0.274457   0.001390   -9387.386798   -9387.385408
    22.2988    9387.134521     -0.260961   0.001169   -9387.396651   -9387.395482
    22.4877    9387.156260     -0.248258   0.000981   -9387.405499   -9387.404518
    22.6767    9387.176385     -0.236278   0.000818   -9387.413480   -9387.412662
    22.8657    9387.195034     -0.224980   0.000682   -9387.420696   -9387.420014
    23.0547    9387.212213     -0.214317   0.000567   -9387.427097   -9387.426530
    23.2436    9387.228172     -0.204259   0.000469   -9387.432901   -9387.432431
    23.4326    9387.242832     -0.194752   0.000388   -9387.437972   -9387.437584
    23.6216    9387.256478     -0.185759   0.000319   -9387.442556   -9387.442237
    23.8105    9387.269088     -0.177279   0.000261   -9387.446628   -9387.446367
    23.9995    9387.280656     -0.169230   0.000212   -9387.450098   -9387.449886
    24.1885    9387.291569     -0.161631   0.000173   -9387.453373   -9387.453200
    24.3775    9387.301535     -0.154425   0.000140   -9387.456101   -9387.455961
                                                  
