     5.6692   5569.123255   6573.771028   5.397161   999.250612   1004.647774
     5.8582   3823.968692   4654.506035   4.808298   825.729044    830.537343
     6.0471   2510.542426   3211.253861   4.301363   696.410072    700.711434
     6.2361   1537.566289   2141.592168   3.885844   600.140035    604.025879
     6.4251    834.435007   1362.339545   3.539657   524.364881    527.904538
     6.6140    340.892033    805.814394   3.228658   461.693703    464.922362
     6.8030      5.130095    417.447193   2.931787   409.385310    412.317097
     6.9920   -214.852332    153.901143   2.644497   366.108977    368.753474
     7.1810   -350.931072    -18.632379   2.368317   329.930375    332.298693
     7.3699   -426.449782   -126.045708   2.103966   298.300109    300.404074
     7.5589   -458.703066   -187.829218   1.853002   269.020846    270.873848
     7.7479   -460.995370   -218.398832   1.621267   240.975271    242.596538
     7.9368   -443.771568   -228.237743   1.417976   214.115849    215.533825
     8.1258   -415.058756   -224.843692   1.250821   188.964243    190.215064
     8.3148   -380.673630   -213.469457   1.121249   166.082924    167.204173
     8.5038   -344.527761   -197.722245   1.023235   145.782281    146.805516
     8.6927   -309.032502   -180.018369   0.945894   128.068239    129.014133
     8.8817   -275.534833   -161.911546   0.877932   112.745355    113.623287
     9.0707   -244.693304   -144.372800   0.811385    99.509118    100.320504
     9.2597   -216.751492   -127.958115   0.743174    88.050203     88.793377
     9.4486   -191.712484   -112.949921   0.674418    78.088145     78.762563
     9.6376   -169.441321    -99.450954   0.608459    69.381907     69.990366
     9.8266   -149.725640    -87.450735   0.548723    61.726182     62.274905
    10.0155   -132.314943    -76.871621   0.497246    54.946077     55.443323
    10.2045   -116.949621    -67.598914   0.454186    48.896521     49.350707
    10.3935   -103.381949    -59.502223   0.418161    43.461565     43.879726
    10.5825    -91.390538    -52.448904   0.387022    38.554612     38.941634
    10.7714    -80.784644    -46.310955   0.358647    34.115041     34.473688
    10.9604    -71.405150    -40.970657   0.331455    30.103038     30.434493
    11.1494    -63.119383    -36.321964   0.304585    26.492834     26.797419
    11.3384    -55.815187    -32.271188   0.277803    23.266196     23.543999
    11.5273    -49.394884    -28.736472   0.251277    20.407134     20.658411
    11.7163    -43.770539    -25.646954   0.225356    17.898229     18.123585
    11.9053    -38.860749    -22.941456   0.200415    15.718878     15.919293
    12.0942    -34.588922    -20.567499   0.176785    13.844638     14.021423
    12.2832    -30.882605    -18.480068   0.154744    12.247794     12.402538
    12.4722    -27.673451    -16.640484   0.134528    10.898439     11.032967
    12.6612    -24.897739    -15.015685   0.116349     9.765705      9.882054
    12.8501    -22.496661    -13.577351   0.100383     8.818927      8.919310
    13.0391    -20.416696    -12.301209   0.086751     8.028735      8.115486
    13.2281    -18.609902    -11.166432   0.075493     7.367977      7.443470
    13.4171    -17.033835    -10.155068   0.066548     6.812219      6.878767
    13.6060    -15.651496     -9.251892   0.059746     6.339859      6.399605
    13.7950    -14.430924     -8.443595   0.054825     5.932504      5.987328
    13.9840    -13.345046     -7.718741   0.051455     5.574851      5.626306
    14.1729    -12.371108     -7.067427   0.049278     5.254402      5.303681
    14.3619    -11.490318     -6.481091   0.047944     4.961283      5.009227
    14.5509    -10.687371     -5.952271   0.047136     4.687964      4.735101
    14.7399     -9.950009     -5.474482   0.046602     4.428925      4.475527
    14.9288     -9.268576     -5.042057   0.046151     4.180368      4.226519
    15.1178     -8.635519     -4.650052   0.045662     3.939806      3.985468
    15.3068     -8.045121     -4.294099   0.045069     3.705953      3.751022
    15.4958     -7.492960     -3.970378   0.044351     3.478231      3.522582
    15.6847     -6.975706     -3.675533   0.043516     3.256657      3.300173
    15.8737     -6.490761     -3.406580   0.042588     3.041593      3.084180
    16.0627     -6.036072     -3.160905   0.041594     2.833573      2.875167
    16.2516     -5.609974     -2.936175   0.040561     2.633239      2.673800
    16.4406     -5.210942     -2.730335   0.039506     2.441101      2.480607
    16.6296     -4.837658     -2.541536   0.038439     2.257683      2.296122
    16.8186     -4.488861     -2.368165   0.037360     2.083337      2.120697
    17.0075     -4.163314     -2.208755   0.036261     1.918299      1.954560
    17.1965     -3.859761     -2.062012   0.035131     1.762617      1.797749
    17.3855     -3.577042     -1.926773   0.033959     1.616309      1.650268
    17.5745     -3.313954     -1.801992   0.032730     1.479232      1.511962
    17.7634     -3.069344     -1.686738   0.031437     1.351170      1.382606
    17.9524     -2.842109     -1.580194   0.030072     1.231842      1.261915
    18.1414     -2.631127     -1.481565   0.028637     1.120925      1.149562
    18.3303     -2.435383     -1.390183   0.027135     1.018065      1.045200
    18.5193     -2.253843     -1.305427   0.025574     0.922843      0.948417
    18.7083     -2.085621     -1.226750   0.023968     0.834904      0.858871
    18.8973     -1.929815     -1.153646   0.022332     0.753837      0.776169
    19.0862     -1.785609     -1.085669   0.020683     0.679257      0.699940
    19.2752     -1.652200     -1.022392   0.019040     0.610767      0.629807
    19.4642     -1.528862     -0.963443   0.017420     0.547999      0.565419
    19.6532     -1.414923     -0.908484   0.015841     0.490598      0.506439
    19.8421     -1.309699     -0.857194   0.014318     0.438187      0.452505
    20.0311     -1.212613     -0.809308   0.012863     0.390442      0.403305
    20.2201     -1.123093     -0.764543   0.011488     0.347061      0.358549
    20.4090     -1.040614     -0.722686   0.010200     0.307728      0.317928
    20.5980     -0.964628     -0.683503   0.009005     0.272120      0.281124
    20.7870     -0.894696     -0.646797   0.007905     0.239995      0.247900
    20.9760     -0.830378     -0.612386   0.006902     0.211090      0.217992
    21.1649     -0.771220     -0.580121   0.005995     0.185104      0.191099
    21.3539     -0.716864     -0.549834   0.005180     0.161850      0.167030
    21.5429     -0.666923     -0.521390   0.004454     0.141079      0.145533
    21.7319     -0.621058     -0.494647   0.003810     0.122600      0.126410
    21.9208     -0.578901     -0.469499   0.003245     0.106157      0.109402
    22.1098     -0.540199     -0.445832   0.002751     0.091616      0.094367
    22.2988     -0.504646     -0.423549   0.002322     0.078775      0.081097
    22.4877     -0.471976     -0.402549   0.001952     0.067475      0.069427
    22.6767     -0.441947     -0.382755   0.001634     0.057558      0.059191
    22.8657     -0.414324     -0.364082   0.001362     0.048880      0.050242
    23.0547     -0.388917     -0.346458   0.001131     0.041327      0.042459
    23.2436     -0.365483     -0.329814   0.000936     0.034732      0.035669
    23.4326     -0.343890     -0.314092   0.000772     0.029027      0.029799
    23.6216     -0.323954     -0.299221   0.000634     0.024099      0.024733
    23.8105     -0.305550     -0.285160   0.000520     0.019870      0.020389
    23.9995     -0.288481     -0.271847   0.000424     0.016209      0.016634
    24.1885     -0.272677     -0.259247   0.000346     0.013085      0.013430
    24.3775     -0.258027     -0.247313   0.000280     0.010433      0.010714
                                                  
