     5.6692   11904.867202   13726.988082   7.724885   1814.395995   1822.120880
     5.8582    8216.684926    9786.500287   6.954456   1562.860904   1569.815360
     6.0471    5597.759137    6976.643663   6.321912   1372.562614   1378.884526
     6.2361    3748.517719    4951.356281   5.765527   1197.073034   1202.838562
     6.4251    2444.276933    3484.859385   5.254229   1035.328223   1040.582452
     6.6140    1525.673411    2423.622988   4.788945    893.160632    897.949577
     6.8030     886.400502    1659.376509   4.370378    768.605629    772.976007
     6.9920     451.081641    1113.511446   3.985765    658.444039    662.429805
     7.1810     161.385991     727.858401   3.619343    562.853066    566.472409
     7.3699     -27.730189     459.013064   3.264416    483.478836    486.743253
     7.5589    -148.889330     274.595470   2.924831    420.559969    423.484800
     7.7479    -223.937331     150.561309   2.607304    371.891335    374.498640
     7.9368    -266.590494      69.189951   2.314521    333.465924    335.780445
     8.1258    -285.480495      17.538533   2.044982    300.974047    303.019029
     8.3148    -286.762783     -13.746906   1.796875    271.219002    273.015877
     8.5038    -275.656297     -31.324271   1.570586    242.761440    244.332026
     8.6927    -256.866210     -39.896558   1.367980    215.601672    216.969652
     8.8817    -234.365215     -42.722384   1.190254    190.452576    191.642830
     9.0707    -211.088680     -42.043646   1.036519    168.008514    169.045034
     9.2597    -188.846442     -39.358887   0.903935    148.583620    149.487555
     9.4486    -168.494197     -35.656042   0.789050    132.049104    132.838154
     9.6376    -150.245895     -31.565749   0.689081    117.991065    118.680146
     9.8266    -133.988749     -27.474497   0.602541    105.911711    106.514252
    10.0155    -119.508415     -23.606129   0.528908     95.373378     95.902286
    10.2045    -106.601185     -20.074544   0.468024     86.058617     86.526641
    10.3935     -95.101661     -16.929496   0.419502     77.752663     78.172165
    10.5825     -84.872547     -14.177037   0.382451     70.313059     70.695510
    10.7714     -75.788225     -11.799348   0.355448     63.633428     63.988877
    10.9604     -67.726957      -9.765599   0.336678     57.624679     57.961358
    11.1494     -60.569832      -8.039246   0.324146     52.206440     52.530587
    11.3384     -54.203858      -6.582412   0.315886     47.305560     47.621446
    11.5273     -48.526233      -5.358783   0.310152     42.857298     43.167450
    11.7163     -43.447149      -4.333949   0.305537     38.807664     39.113201
    11.9053     -38.893796      -3.478173   0.301030     35.114592     35.415623
    12.0942     -34.808857      -2.764814   0.295993     31.748050     32.044043
    12.2832     -31.148188      -2.171036   0.290090     28.687062     28.977152
    12.4722     -27.876368      -1.677427   0.283200     25.915741     26.198941
    12.6612     -24.962268      -1.267567   0.275341     23.419360     23.694701
    12.8501     -22.375909      -0.927717   0.266605     21.181586     21.448192
    13.0391     -20.086876      -0.646394   0.257128     19.183355     19.440482
    13.2281     -18.064586      -0.413969   0.247058     17.403559     17.650617
    13.4171     -16.279504      -0.222452   0.236554     15.820497     16.057051
    13.6060     -14.704324      -0.065129   0.225773     14.413421     14.639194
    13.7950     -13.315150       0.063568   0.214868     13.163850     13.378718
    13.9840     -12.091648       0.168307   0.203981     12.055973     12.259955
    14.1729     -11.016648       0.253017   0.193241     11.076424     11.269665
    14.3619     -10.075556       0.320976   0.182756     10.213776     10.396532
    14.5509      -9.255082       0.374935   0.172617      9.457400      9.630016
    14.7399      -8.542611       0.417180   0.162887      8.796904      8.959792
    14.9288      -7.925474       0.449637   0.153613      8.221498      8.375111
    15.1178      -7.390741       0.473928   0.144818      7.719850      7.864668
    15.3068      -6.925309       0.491433   0.136508      7.280233      7.416741
    15.4958      -6.516260       0.503290   0.128672      6.890878      7.019550
    15.6847      -6.151376       0.510462   0.121288      6.540550      6.661838
    15.8737      -5.819657       0.513743   0.114321      6.219079      6.333399
    16.0627      -5.511709       0.513838   0.107733      5.917813      6.025546
    16.2516      -5.220142       0.511306   0.101482      5.629966      5.731448
    16.4406      -4.939489       0.506638   0.095525      5.350602      5.446127
    16.6296      -4.666318       0.500239   0.089823      5.076735      5.166558
    16.8186      -4.398804       0.492452   0.084342      4.806914      4.891256
    17.0075      -4.136480       0.483566   0.079055      4.540992      4.620046
    17.1965      -3.879735       0.473836   0.073940      4.279632      4.353572
    17.3855      -3.629642       0.463448   0.068984      4.024106      4.093090
    17.5745      -3.387405       0.452583   0.064182      3.775806      3.839987
    17.7634      -3.154246       0.441381   0.059532      3.536096      3.595628
    17.9524      -2.931185       0.429971   0.055039      3.306117      3.361156
    18.1414      -2.718980       0.418438   0.050711      3.086707      3.137418
    18.3303      -2.518077       0.406873   0.046557      2.878393      2.924950
    18.5193      -2.328577       0.395339   0.042587      2.681329      2.723916
    18.7083      -2.150414       0.383886   0.038812      2.495488      2.534300
    18.8973      -1.983240       0.372575   0.035241      2.320573      2.355815
    19.0862      -1.826618       0.361432   0.031881      2.156168      2.188050
    19.2752      -1.679986       0.350489   0.028738      2.001737      2.030475
    19.4642      -1.542759       0.339773   0.025813      1.856719      1.882532
    19.6532      -1.414346       0.329303   0.023106      1.720543      1.743649
    19.8421      -1.294125       0.319078   0.020615      1.592588      1.613203
    20.0311      -1.181581       0.309118   0.018334      1.472365      1.490699
    20.2201      -1.076199       0.299430   0.016255      1.359373      1.375629
    20.4090      -0.977529       0.290014   0.014370      1.253173      1.267543
    20.5980      -0.885123       0.280877   0.012669      1.153332      1.166001
    20.7870      -0.798647       0.272021   0.011140      1.059529      1.070668
    20.9760      -0.717781       0.263442   0.009770      0.971453      0.981224
    21.1649      -0.642201       0.255133   0.008549      0.888785      0.897334
    21.3539      -0.571688       0.247099   0.007463      0.811324      0.818787
    21.5429      -0.506004       0.239333   0.006500      0.738836      0.745336
    21.7319      -0.444954       0.231823   0.005650      0.671127      0.676777
    21.9208      -0.388300       0.224572   0.004901      0.607971      0.612872
    22.1098      -0.335911       0.217568   0.004243      0.549237      0.553480
    22.2988      -0.287600       0.210812   0.003666      0.494746      0.498411
    22.4877      -0.243191       0.204277   0.003161      0.444308      0.447468
    22.6767      -0.202520       0.197979   0.002720      0.397780      0.400500
    22.8657      -0.165417       0.191901   0.002336      0.354983      0.357319
    23.0547      -0.131725       0.186040   0.002002      0.315763      0.317765
    23.2436      -0.101235       0.180381   0.001713      0.279903      0.281616
    23.4326      -0.073806       0.174930   0.001462      0.247273      0.248735
    23.6216      -0.049254       0.169665   0.001245      0.217674      0.218919
    23.8105      -0.027404       0.164596   0.001059      0.190942      0.192000
    23.9995      -0.008043       0.159702   0.000897      0.166847      0.167744
    24.1885       0.008975       0.154986   0.000760      0.145252      0.146011
    24.3775       0.023821       0.150439   0.000641      0.125977      0.126618
 