R			HF		SAPT0		SAPT2		SAPT2+	SAPT2+(3)	SAPT2+3	SAPT2+(CCD)	SAPT2+(3)(CCD)	SAPT2+3(CCD)
2.5	173.2202021	70.6459426	102.2811263	90.7136697	106.6890434	105.7044196	94.1786337	110.1540074	109.1693833
2.6	111.8430775	29.5682213	51.8195109	42.3307410	53.3119375	52.7154204	45.0830644	56.0642606	55.4677435
2.7	71.7763711	5.4759689	21.0244937	13.3029632	20.7954349	20.4344273	15.5085809	23.0010527	22.6400448
2.8	45.7371682	-7.9422376	2.8955222	-3.3513213	1.7252977	1.5079450	-1.5687467	3.5078721	3.2905196
2.9	28.9457251	-14.7238543	-7.1576015	-12.1909201	-8.7745883	-8.9041211	-10.7385944	-7.3222626	-7.4517951
3.0	18.2294506	-17.4706654	-12.1584789	-16.2036871	-13.9209770	-13.9969227	-15.0114412	-12.7287311	-12.8046770
3.1	11.4620143	-17.8679477	-14.1027154	-17.3497504	-15.8368084	-15.8802680	-16.3640877	-14.8511459	-14.8946052
3.2	7.2187575	-16.9983680	-14.2948421	-16.9009047	-15.9082758	-15.9322657	-16.0806913	-15.0880625	-15.1120523
3.3	4.5584152	-15.5373102	-13.5652756	-15.6587111	-15.0164696	-15.0289857	-14.9720440	-14.3298024	-14.3423186
3.4	2.8749088	-13.8836903	-12.4193465	-14.1038550	-13.6968457	-13.7027568	-13.5257780	-13.1187687	-13.1246801
3.5	1.7902091	-12.2537937	-11.1454405	-12.5041568	-12.2546402	-12.2568721	-12.0149834	-11.7654671	-11.7676988
3.6	1.0758084	-10.7495709	-9.8939986	-10.9931905	-10.8488139	-10.8490931	-10.5772662	-10.4328893	-10.4331685
3.7	0.5968018	-9.4066661	-8.7331916	-9.6254757	-9.5510176	-9.5503414	-9.2702559	-9.1957979	-9.1951217
3.8	0.2740670	-8.2261379	-7.6859037	-8.4129567	-8.3847164	-8.3836429	-8.1083185	-8.0800780	-8.0790045
3.9	0.0601483	-7.1938596	-6.7526888	-7.3474873	-7.3494941	-7.3483224	-7.0852067	-7.0872135	-7.0860418
4.0	-0.0753220	-6.2914521	-5.9251050	-6.4137401	-6.4352123	-6.4340928	-6.1870958	-6.2085680	-6.2074486
4.1	-0.1537166	-5.5015560	-5.1925945	-5.5957295	-5.6293748	-5.6283734	-5.3991974	-5.4328423	-5.4318410
4.2	-0.1914980	-4.8097353	-4.5454427	-4.8794702	-4.9203507	-4.9194881	-4.7084855	-4.7493660	-4.7485034
4.3	-0.2018765	-4.2044493	-3.9754338	-4.2533887	-4.2981643	-4.2974383	-4.1041622	-4.1489378	-4.1482118
4.4	-0.1952513	-3.6761822	-3.4754274	-3.7077033	-3.7541243	-3.7535221	-3.5770755	-3.6234963	-3.6228941
4.5	-0.1793441	-3.2165623	-3.0387696	-3.2336816	-3.2802460	-3.2797507	-3.1190059	-3.1655703	-3.1650754
4.6	-0.1593102	-2.8176824	-2.6588081	-2.8230314	-2.8687533	-2.8683484	-2.7220836	-2.7678055	-2.7674006
4.7	-0.1382029	-2.4719458	-2.3288715	-2.4677849	-2.5120358	-2.5117055	-2.3786877	-2.4229386	-2.4226083
4.8	-0.1175214	-2.1721322	-2.0424283	-2.1603826	-2.2027804	-2.2025116	-2.0815463	-2.1239441	-2.1236753
4.9	-0.0978070	-1.9116130	-1.7933651	-1.8938938	-1.9342273	-1.9340083	-1.8239676	-1.8643011	-1.8640821
5.0	-0.0791871	-1.6845949	-1.5762772	-1.6622611	-1.7004365	-1.7002577	-1.6000934	-1.6382685	-1.6380900
5.1	-0.0616760	-1.4861843	-1.3865664	-1.4603637	-1.4963654	-1.4962193	-1.4049700	-1.4409715	-1.4408256
5.2	-0.0453538	-1.3123769	-1.2204541	-1.2840025	-1.3178676	-1.3177482	-1.2345379	-1.2684030	-1.2682836
5.3	-0.0303813	-1.1599210	-1.0748622	-1.1297601	-1.1615597	-1.1614614	-1.0854984	-1.1172979	-1.1171996
5.4	-0.0169628	-1.0261601	-0.9472693	-0.9948409	-1.0246654	-1.0245845	-0.9551555	-0.9849797	-0.9848992
5.5	-0.0052820	-0.9088708	-0.8355578	-0.8769028	-0.9048547	-0.9047880	-0.8412521	-0.8692037	-0.8691370
5.6	0.0045459	-0.8061358	-0.7378942	-0.7739306	-0.8001164	-0.8000614	-0.7418442	-0.7680300	-0.7679751
5.7	0.0125162	-0.7162391	-0.6526292	-0.6841250	-0.7086529	-0.7086071	-0.6551939	-0.6797217	-0.6796760
5.8	0.0187076	-0.6376393	-0.5782757	-0.6058759	-0.6288511	-0.6288130	-0.5797454	-0.6027205	-0.6026824
5.9	0.0232788	-0.5689316	-0.5134726	-0.5377215	-0.5592457	-0.5592138	-0.5140805	-0.5356047	-0.5355731
6.0	0.0264391	-0.5088420	-0.4569825	-0.4783394	-0.4985098	-0.4984834	-0.4569164	-0.4770868	-0.4770602
6.1	0.0284160	-0.4562293	-0.4076959	-0.4265504	-0.4454588	-0.4454365	-0.4071065	-0.4260146	-0.4259923
6.2	0.0294493	-0.4100701	-0.3646145	-0.3812984	-0.3990304	-0.3990116	-0.3636237	-0.3813558	-0.3813370
6.3	0.0297382	-0.3694889	-0.3268854	-0.3416813	-0.3583178	-0.3583020	-0.3255915	-0.3422277	-0.3422119
6.4	0.0294816	-0.3337029	-0.2937460	-0.3068959	-0.3225117	-0.3224983	-0.2922276	-0.3078434	-0.3078300
6.5	0.0288335	-0.3020531	-0.2645541	-0.2762654	-0.2909307	-0.2909192	-0.2628744	-0.2775397	-0.2775282
6.6	0.0279145	-0.2739793	-0.2387653	-0.2492161	-0.2629960	-0.2629862	-0.2369751	-0.2507547	-0.2507452
6.7	0.0268296	-0.2489957	-0.2159075	-0.2252516	-0.2382061	-0.2381980	-0.2140468	-0.2270013	-0.2269931
6.8	0.0256476	-0.2267006	-0.1955909	-0.2039617	-0.2161469	-0.2161399	-0.1936924	-0.2058776	-0.2058706
6.9	0.0244241	-0.2067473	-0.1774809	-0.1849932	-0.1964611	-0.1964551	-0.1755696	-0.1870378	-0.1870318
7.0	0.0232007	-0.1888406	-0.1612920	-0.1680456	-0.1788447	-0.1788396	-0.1593880	-0.1701872	-0.1701820
7.1	0.0219966	-0.1727377	-0.1467911	-0.1528734	-0.1630483	-0.1630439	-0.1449100	-0.1550848	-0.1550805
7.2	0.0208363	-0.1582180	-0.1337661	-0.1392527	-0.1488450	-0.1488412	-0.1319198	-0.1415118	-0.1415080
7.3	0.0197234	-0.1451053	-0.1220491	-0.1270065	-0.1360543	-0.1360510	-0.1202464	-0.1292941	-0.1292909
7.4	0.0186673	-0.1332379	-0.1114851	-0.1159714	-0.1245109	-0.1245079	-0.1097327	-0.1182722	-0.1182692
7.5	0.0176662	-0.1224831	-0.1019486	-0.1060148	-0.1140789	-0.1140764	-0.1002514	-0.1083152	-0.1083128
7.6	0.0167268	-0.1127151	-0.0933199	-0.0970105	-0.1046300	-0.1046278	-0.0916806	-0.0993001	-0.0992979
7.7	0.0158365	-0.1038406	-0.0855113	-0.0888664	-0.0960696	-0.0960677	-0.0839325	-0.0911356	-0.0911337
7.8	0.0150003	-0.0957613	-0.0784298	-0.0814837	-0.0882972	-0.0882955	-0.0769119	-0.0837254	-0.0837238
7.9	0.0142166	-0.0883951	-0.0719981	-0.0747818	-0.0812304	-0.0812290	-0.0705415	-0.0769903	-0.0769889
8.0	0.0134762	-0.0816769	-0.0661555	-0.0686965	-0.0748030	-0.0748017	-0.0647601	-0.0708666	-0.0708656
8.1	0.0127831	-0.0755367	-0.0608365	-0.0631585	-0.0689444	-0.0689433	-0.0595015	-0.0652872	-0.0652864
8.2	0.0121295	-0.0699230	-0.0559929	-0.0581178	-0.0636028	-0.0636020	-0.0547170	-0.0602020	-0.0602009
8.3	0.0115099	-0.0647879	-0.0515808	-0.0535278	-0.0587301	-0.0587293	-0.0503620	-0.0555646	-0.0555638
8.4	0.0109341	-0.0600751	-0.0475470	-0.0493326	-0.0542699	-0.0542691	-0.0463837	-0.0513210	-0.0513202
8.5	0.0103871	-0.0557562	-0.0438656	-0.0455059	-0.0501936	-0.0501931	-0.0427565	-0.0474442	-0.0474436
8.6	0.0098723	-0.0517898	-0.0404990	-0.0420071	-0.0464605	-0.0464599	-0.0394416	-0.0438950	-0.0438944
8.7	0.0093866	-0.0481443	-0.0374176	-0.0388056	-0.0430386	-0.0430381	-0.0364102	-0.0406429	-0.0406424
8.8	0.0089300	-0.0447897	-0.0345939	-0.0358728	-0.0398982	-0.0398976	-0.0336341	-0.0376595	-0.0376589
8.9	0.0084962	-0.0417031	-0.0320071	-0.0331868	-0.0370168	-0.0370165	-0.0310931	-0.0349231	-0.0349228
9.0	0.0080886	-0.0388568	-0.0296316	-0.0307209	-0.0343666	-0.0343664	-0.0287614	-0.0324074	-0.0324069
9.1	0.0077038	-0.0362314	-0.0274498	-0.0284566	-0.0319290	-0.0319288	-0.0266215	-0.0300939	-0.0300936
9.2	0.0073389	-0.0338088	-0.0254454	-0.0263771	-0.0296857	-0.0296855	-0.0246571	-0.0279657	-0.0279654
9.3	0.0069952	-0.0315690	-0.0236007	-0.0244633	-0.0276177	-0.0276174	-0.0228502	-0.0260046	-0.0260043
9.4	0.0066682	-0.0295001	-0.0219044	-0.0227038	-0.0257126	-0.0257123	-0.0211901	-0.0241986	-0.0241983
9.5	0.0063615	-0.0275828	-0.0203386	-0.0210807	-0.0239515	-0.0239515	-0.0196589	-0.0225297	-0.0225297
9.6	0.0060711	-0.0258067	-0.0188951	-0.0195840	-0.0223250	-0.0223248	-0.0182480	-0.0209890	-0.0209887
9.7	0.0057952	-0.0241621	-0.0175647	-0.0182050	-0.0208230	-0.0208230	-0.0169486	-0.0195666	-0.0195666
9.8	0.0055329	-0.0226372	-0.0163369	-0.0169326	-0.0194344	-0.0194341	-0.0157505	-0.0182523	-0.0182520
9.9	0.0052874	-0.0212186	-0.0151995	-0.0157540	-0.0181456	-0.0181456	-0.0146411	-0.0170327	-0.0170327
10.0	0.0050483	-0.0199076	-0.0141543	-0.0146710	-0.0169587	-0.0169584	-0.0136228	-0.0159102	-0.0159102
10.1	0.0048257	-0.0186842	-0.0131831	-0.0136650	-0.0158539	-0.0158536	-0.0126767	-0.0148656	-0.0148656
10.2	0.0046151	-0.0175462	-0.0122838	-0.0127336	-0.0148289	-0.0148289	-0.0118016	-0.0138969	-0.0138966
10.3	0.0044140	-0.0164877	-0.0114514	-0.0118715	-0.0138784	-0.0138781	-0.0109920	-0.0129986	-0.0129986
10.4	0.0042238	-0.0155012	-0.0106794	-0.0110723	-0.0129948	-0.0129948	-0.0102418	-0.0121646	-0.0121643
10.5	0.0040406	-0.0145842	-0.0099659	-0.0103335	-0.0121763	-0.0121763	-0.0095490	-0.0113918	-0.0113918
10.6	0.0038703	-0.0137254	-0.0093003	-0.0096443	-0.0114114	-0.0114114	-0.0089028	-0.0106701	-0.0106699
10.7	0.0037056	-0.0129265	-0.0086848	-0.0090070	-0.0107022	-0.0107022	-0.0083057	-0.0100013	-0.0100010
10.8	0.0035503	-0.0121793	-0.0081117	-0.0084138	-0.0100410	-0.0100410	-0.0077504	-0.0093776	-0.0093776
10.9	0.0033982	-0.0114857	-0.0075835	-0.0078668	-0.0094290	-0.0094290	-0.0072388	-0.0088010	-0.0088010
11.0	0.0032599	-0.0108310	-0.0070861	-0.0073520	-0.0088527	-0.0088527	-0.0067571	-0.0082578	-0.0082578
11.1	0.0031244	-0.0102220	-0.0066268	-0.0068766	-0.0083185	-0.0083185	-0.0063130	-0.0077550	-0.0077550
11.2	0.0030011	-0.0096462	-0.0061936	-0.0064281	-0.0078143	-0.0078143	-0.0058940	-0.0072799	-0.0072799
11.3	0.0028781	-0.0091126	-0.0057952	-0.0060162	-0.0073490	-0.0073490	-0.0055092	-0.0068420	-0.0068420
11.4	0.0027592	-0.0086146	-0.0054262	-0.0056338	-0.0069163	-0.0069163	-0.0051530	-0.0064352	-0.0064352
11.5	0.0026474	-0.0081460	-0.0050804	-0.0052760	-0.0065101	-0.0065101	-0.0048194	-0.0060534	-0.0060534
11.6	0.0025443	-0.0077027	-0.0047544	-0.0049386	-0.0061269	-0.0061266	-0.0045051	-0.0056932	-0.0056932
11.7	0.0024411	-0.0072921	-0.0044551	-0.0046289	-0.0057732	-0.0057732	-0.0042170	-0.0053612	-0.0053612
11.8	0.0023451	-0.0069035	-0.0041729	-0.0043370	-0.0054396	-0.0054393	-0.0039451	-0.0050477	-0.0050477
11.9	0.0022553	-0.0065370	-0.0039076	-0.0040624	-0.0051253	-0.0051253	-0.0036901	-0.0047527	-0.0047527
12.0	0.0021668	-0.0061952	-0.0036627	-0.0038088	-0.0048336	-0.0048336	-0.0034545	-0.0044793	-0.0044793
12.1	0.0020819	-0.0058741	-0.0034341	-0.0035720	-0.0045606	-0.0045606	-0.0032349	-0.0042232	-0.0042232
12.2	0.0020068	-0.0055661	-0.0032142	-0.0033448	-0.0042986	-0.0042986	-0.0030237	-0.0039775	-0.0039775
12.3	0.0019285	-0.0052823	-0.0030150	-0.0031383	-0.0040589	-0.0040589	-0.0028324	-0.0037530	-0.0037530
12.4	0.0018542	-0.0050148	-0.0028278	-0.0029448	-0.0038335	-0.0038335	-0.0026534	-0.0035424	-0.0035421
